2022-03-12 06:16:01,P[W],DE[kWh],GE[kWh],PVu[V],DCBUS[V],PVi[A],ACu[V],ACi[A],f[Hz],T[C],iRCD[mA],S[VA],fi[]
2022-03-12 06:16:11,0,0.45,593214.19,244.8,412.1,0.00,229.8,0.00,49.99,2.2,2.2,0,0.000
2022-03-12 06:16:21,0,0.45,593214.19,266.5,420.9,0.00,230.2,0.00,49.99,2.2,2.2,0,0.000
2022-03-12 06:16:31,0,0.45,593214.19,266.6,407.7,0.00,229.1,0.00,49.99,2.3,2.5,0,0.000
2022-03-12 06:16:41,0,0.45,593214.19,266.1,386.4,0.01,229.2,0.03,50.00,2.2,4.0,0,0.000
2022-03-12 06:16:51,20,0.45,593214.19,155.1,368.1,0.24,229.9,0.18,50.02,2.2,3.7,41,0.497
2022-03-12 06:17:01,16,0.45,593214.19,125.6,349.9,0.25,229.9,0.17,50.00,2.2,3.5,38,0.412
2022-03-12 06:17:11,11,0.45,593214.19,98.3,340.3,0.24,229.6,0.17,50.01,2.2,3.5,38,0.292
2022-03-12 06:17:22,12,0.45,593214.19,97.8,340.1,0.25,229.9,0.17,50.01,2.2,3.4,38,0.321
2022-03-12 06:17:32,11,0.45,593214.19,96.7,340.7,0.25,229.8,0.17,50.01,2.2,3.4,37,0.309
2022-03-12 06:17:42,12,0.45,593214.19,101.7,341.0,0.26,228.7,0.16,50.00,2.2,3.4,37,0.339
2022-03-12 06:17:52,13,0.45,593214.19,100.8,341.1,0.25,229.0,0.17,49.99,2.3,3.5,37,0.344
2022-03-12 06:18:02,12,0.45,593214.19,100.9,342.9,0.25,229.7,0.16,50.00,2.2,3.5,37,0.333
2022-03-12 06:18:12,12,0.45,593214.19,103.0,343.8,0.25,229.9,0.16,50.02,2.3,3.5,37,0.333
2022-03-12 06:18:22,13,0.45,593214.19,102.4,344.2,0.26,229.8,0.16,50.02,2.3,3.3,37,0.348
2022-03-12 06:18:32,13,0.45,593214.19,104.6,346.2,0.26,229.6,0.16,50.02,2.3,3.2,37,0.359
2022-03-12 06:18:42,13,0.45,593214.19,103.5,348.4,0.26,229.7,0.16,50.03,2.3,3.3,37,0.355
2022-03-12 06:18:52,14,0.45,593214.19,105.3,350.5,0.27,229.7,0.17,50.04,2.3,3.7,38,0.368
2022-03-12 06:19:02,14,0.45,593214.19,108.2,347.8,0.26,229.9,0.16,50.04,2.3,3.0,37,0.380
2022-03-12 06:19:12,13,0.45,593214.19,105.9,347.0,0.27,229.6,0.16,50.03,2.3,3.3,37,0.364
2022-03-12 06:19:22,13,0.45,593214.19,107.9,349.1,0.27,229.3,0.16,50.03,2.3,3.2,37,0.370
2022-03-12 06:19:32,14,0.45,593214.19,107.8,353.4,0.27,229.4,0.17,50.03,2.3,3.2,37,0.371
2022-03-12 06:19:42,15,0.45,593214.19,109.5,352.4,0.28,229.3,0.17,50.03,2.3,3.4,38,0.393
2022-03-12 06:19:52,16,0.45,593214.19,110.0,351.0,0.28,229.8,0.17,50.04,2.3,3.3,39,0.416
2022-03-12 06:20:02,15,0.45,593214.19,107.8,353.7,0.28,229.6,0.17,50.03,2.4,3.2,38,0.395
2022-03-12 06:20:13,15,0.45,593214.19,111.7,356.0,0.28,229.6,0.17,50.03,2.3,3.7,38,0.398
2022-03-12 06:20:23,15,0.45,593214.19,110.3,355.0,0.28,229.1,0.17,50.04,2.3,3.7,38,0.412
2022-03-12 06:20:33,16,0.45,593214.19,112.1,355.9,0.28,229.0,0.17,50.04,2.3,3.4,38,0.414
2022-03-12 06:20:43,16,0.45,593214.19,113.4,357.1,0.28,229.3,0.17,50.04,2.4,3.4,39,0.418
2022-03-12 06:20:53,16,0.45,593214.19,110.2,356.9,0.29,228.8,0.17,50.05,2.4,3.4,39,0.419
2022-03-12 06:21:03,16,0.45,593214.19,109.9,359.5,0.29,229.2,0.17,50.05,2.4,3.6,39,0.425
2022-03-12 06:21:13,16,0.45,593214.19,115.1,366.6,0.29,228.9,0.17,50.04,2.4,3.7,39,0.422
2022-03-12 06:21:23,16,0.45,593214.19,114.5,367.6,0.29,228.7,0.17,50.02,2.4,3.9,38,0.421
2022-03-12 06:21:33,16,0.45,593214.19,114.9,374.9,0.29,228.9,0.17,50.03,2.4,3.8,39,0.416
2022-03-12 06:21:43,16,0.45,593214.19,118.9,377.7,0.29,228.8,0.17,50.02,2.4,3.5,39,0.412
2022-03-12 06:21:53,16,0.45,593214.19,118.5,382.3,0.30,228.9,0.18,50.02,2.4,3.6,40,0.412
2022-03-12 06:22:03,17,0.45,593214.19,117.1,378.2,0.30,228.8,0.18,50.04,2.4,3.5,40,0.423
2022-03-12 06:22:13,17,0.45,593214.19,118.3,382.2,0.31,229.1,0.18,50.04,2.4,3.7,40,0.422
2022-03-12 06:22:24,17,0.45,593214.19,121.2,390.4,0.31,229.4,0.18,50.04,2.4,3.6,41,0.427
2022-03-12 06:22:34,16,0.45,593214.19,120.0,388.5,0.31,229.5,0.18,50.03,2.4,3.5,40,0.401
2022-03-12 06:22:44,18,0.45,593214.19,118.3,389.1,0.31,229.4,0.18,50.03,2.5,3.5,41,0.435
2022-03-12 06:22:54,18,0.45,593214.19,122.0,389.0,0.30,229.4,0.18,50.02,2.4,3.9,42,0.437
2022-03-12 06:23:04,18,0.45,593214.19,122.1,389.5,0.31,229.3,0.18,50.03,2.4,3.6,41,0.442
2022-03-12 06:23:14,18,0.45,593214.19,122.5,389.5,0.31,229.5,0.18,50.02,2.4,3.6,42,0.448
2022-03-12 06:23:24,19,0.45,593214.19,122.8,388.6,0.32,228.8,0.19,50.02,2.4,3.9,42,0.468
2022-03-12 06:23:34,20,0.45,593214.19,124.5,389.7,0.32,229.4,0.19,50.02,2.5,3.9,42,0.479
2022-03-12 06:23:44,20,0.45,593214.19,125.4,389.0,0.32,229.4,0.19,50.02,2.5,3.6,42,0.474
2022-03-12 06:23:54,21,0.45,593214.19,125.3,389.3,0.33,229.4,0.19,50.03,2.5,4.2,43,0.491
2022-03-12 06:24:04,20,0.45,593214.19,126.6,390.3,0.33,229.7,0.19,50.02,2.5,3.8,43,0.485
2022-03-12 06:24:14,18,0.45,593214.19,112.4,390.0,0.32,229.8,0.18,50.01,2.5,3.7,41,0.435
2022-03-12 06:24:24,21,0.45,593214.19,127.6,390.5,0.33,229.9,0.19,50.01,2.5,4.0,43,0.486
2022-03-12 06:24:35,20,0.45,593214.19,122.3,389.7,0.33,230.1,0.19,50.03,2.5,3.6,43,0.477
2022-03-12 06:24:45,22,0.45,593214.19,130.9,389.4,0.33,229.8,0.19,50.02,2.5,3.6,44,0.508
2022-03-12 06:24:55,21,0.45,593214.19,129.2,390.0,0.33,230.0,0.19,50.02,2.5,3.9,43,0.494
2022-03-12 06:25:05,23,0.45,593214.19,134.9,389.7,0.33,229.8,0.19,50.01,2.5,3.6,44,0.523
2022-03-12 06:25:15,22,0.45,593214.19,128.1,389.6,0.34,229.9,0.19,50.00,2.5,3.9,44,0.510
2022-03-12 06:25:25,22,0.45,593214.19,128.0,389.6,0.34,229.5,0.19,50.00,2.6,3.6,43,0.502
2022-03-12 06:25:35,24,0.45,593214.19,133.9,389.6,0.35,229.4,0.20,50.00,2.5,3.6,45,0.546
2022-03-12 06:25:45,25,0.45,593214.19,139.7,389.7,0.35,229.6,0.20,49.99,2.5,3.9,45,0.561
2022-03-12 06:25:55,24,0.45,593214.19,140.2,389.6,0.34,229.6,0.20,49.99,2.5,3.5,45,0.545
2022-03-12 06:26:05,24,0.45,593214.19,133.2,389.4,0.35,229.5,0.20,50.00,2.5,3.8,45,0.539
2022-03-12 06:26:15,23,0.45,593214.19,128.4,389.4,0.35,229.5,0.20,50.00,2.6,3.7,44,0.528
2022-03-12 06:26:25,26,0.45,593214.19,137.9,389.3,0.35,229.4,0.20,50.00,2.6,3.6,46,0.566
2022-03-12 06:26:35,27,0.45,593214.19,143.6,388.9,0.36,229.2,0.21,50.01,2.6,3.8,47,0.586
2022-03-12 06:26:45,25,0.45,593214.19,131.4,388.5,0.35,228.9,0.20,50.02,2.6,4.1,45,0.557
2022-03-12 06:26:56,26,0.45,593214.19,141.9,389.3,0.35,229.5,0.20,50.01,2.6,3.9,45,0.570
2022-03-12 06:27:06,27,0.45,593214.19,140.8,388.5,0.36,228.8,0.21,50.01,2.6,3.5,47,0.580
2022-03-12 06:27:16,24,0.45,593214.19,126.4,388.2,0.36,228.8,0.20,50.01,2.6,3.7,45,0.543
2022-03-12 06:27:26,28,0.45,593214.19,145.4,389.3,0.36,229.3,0.21,50.01,2.6,3.8,47,0.594
2022-03-12 06:27:36,28,0.45,593214.19,142.9,388.0,0.36,228.4,0.21,50.01,2.6,3.8,47,0.591
2022-03-12 06:27:46,24,0.45,593214.19,123.4,388.2,0.36,228.7,0.20,50.01,2.6,3.7,45,0.534
2022-03-12 06:27:56,21,0.45,593214.19,117.0,389.4,0.36,229.7,0.19,50.01,2.6,4.1,43,0.491
2022-03-12 06:28:06,20,0.45,593214.19,109.9,388.9,0.37,229.0,0.19,50.01,2.7,3.8,43,0.479
2022-03-12 06:28:16,20,0.45,593214.19,109.7,387.3,0.37,226.5,0.19,50.00,2.6,3.9,42,0.487
2022-03-12 06:28:26,23,0.45,593214.19,119.4,388.3,0.37,228.6,0.20,49.99,2.7,3.7,45,0.523
2022-03-12 06:28:36,22,0.45,593214.19,116.7,388.2,0.37,229.0,0.19,49.99,2.7,3.8,44,0.503
2022-03-12 06:28:46,22,0.45,593214.19,114.5,388.6,0.37,228.9,0.19,49.98,2.7,3.8,44,0.498
2022-03-12 06:28:56,23,0.45,593214.19,115.7,389.3,0.38,229.1,0.20,49.99,2.7,3.8,44,0.519
2022-03-12 06:29:06,23,0.45,593214.19,113.1,387.5,0.38,228.0,0.19,49.99,2.6,3.9,44,0.520
2022-03-12 06:29:17,23,0.45,593214.19,113.4,387.5,0.38,228.2,0.19,50.01,2.6,3.7,44,0.520
2022-03-12 06:29:27,23,0.45,593214.19,121.2,389.1,0.38,229.2,0.20,50.01,2.7,3.4,45,0.526
2022-03-12 06:29:37,24,0.45,593214.19,119.4,387.8,0.38,228.2,0.20,49.99,2.7,3.8,45,0.542
2022-03-12 06:29:47,24,0.45,593214.19,119.0,387.4,0.38,228.1,0.20,49.99,2.7,3.9,45,0.541
2022-03-12 06:29:57,24,0.45,593214.19,118.9,389.0,0.39,229.0,0.20,49.99,2.7,3.6,45,0.545
2022-03-12 06:30:07,23,0.45,593214.19,117.4,387.8,0.38,228.2,0.20,49.98,2.7,3.8,44,0.532
2022-03-12 06:30:17,25,0.45,593214.19,119.1,388.1,0.39,228.3,0.20,49.99,2.7,3.5,45,0.557
2022-03-12 06:30:27,24,0.45,593214.19,120.4,389.8,0.39,229.5,0.20,50.01,2.7,4.0,45,0.528
2022-03-12 06:30:37,25,0.45,593214.19,120.7,387.9,0.39,228.4,0.20,50.02,2.7,3.5,46,0.559
2022-03-12 06:30:47,27,0.45,593214.19,123.6,388.0,0.40,228.4,0.20,50.01,2.7,3.8,46,0.581
2022-03-12 06:30:57,26,0.45,593214.19,125.2,389.0,0.39,229.2,0.21,50.01,2.7,3.5,47,0.565
2022-03-12 06:31:07,26,0.45,593214.19,121.8,387.8,0.40,228.4,0.20,50.01,2.8,3.8,46,0.567
2022-03-12 06:31:17,26,0.45,593214.19,123.2,388.1,0.40,228.5,0.20,50.00,2.8,3.6,46,0.572
2022-03-12 06:31:28,29,0.45,593214.19,133.8,389.1,0.40,229.2,0.21,50.00,2.7,3.7,48,0.601
2022-03-12 06:31:38,28,0.45,593214.19,127.0,388.1,0.40,228.5,0.21,50.00,2.8,4.0,48,0.595
2022-03-12 06:31:48,27,0.45,593214.19,125.0,387.6,0.40,228.0,0.21,50.01,2.8,3.7,47,0.590
2022-03-12 06:31:58,27,0.45,593214.19,123.2,388.8,0.40,229.1,0.21,50.01,2.8,3.8,47,0.583
2022-03-12 06:32:08,30,0.45,593214.19,133.1,387.7,0.41,228.2,0.22,50.01,2.8,3.7,49,0.629
2022-03-12 06:32:18,29,0.45,593214.19,126.6,387.6,0.41,228.1,0.21,50.01,2.8,3.8,47,0.609
2022-03-12 06:32:28,30,0.45,593214.19,128.7,388.5,0.42,228.8,0.21,50.00,2.8,3.9,48,0.618
2022-03-12 06:32:38,30,0.45,593214.19,131.3,387.1,0.41,227.8,0.21,50.00,2.8,3.5,48,0.622
2022-03-12 06:32:48,29,0.45,593214.19,131.3,387.3,0.41,228.4,0.21,49.99,2.8,3.8,48,0.614
2022-03-12 06:32:58,30,0.45,593214.19,130.3,383.8,0.41,225.5,0.21,49.99,2.8,3.2,47,0.633
2022-03-12 06:33:08,29,0.45,593214.19,127.1,381.6,0.42,223.9,0.21,49.98,2.8,3.6,47,0.628
2022-03-12 06:33:18,30,0.45,593214.19,129.1,382.6,0.42,224.5,0.21,50.01,2.8,3.6,47,0.635
2022-03-12 06:33:28,31,0.45,593214.19,132.3,382.8,0.42,224.7,0.22,50.01,2.8,3.7,48,0.651
2022-03-12 06:33:39,32,0.45,593214.19,134.9,381.2,0.42,224.0,0.22,50.00,2.8,3.4,48,0.663
2022-03-12 06:33:49,32,0.45,593214.19,135.2,381.7,0.42,223.9,0.22,49.99,2.9,3.6,49,0.667
2022-03-12 06:33:59,32,0.45,593214.19,132.7,382.6,0.43,224.8,0.22,49.99,2.9,3.6,49,0.662
2022-03-12 06:34:09,33,0.45,593214.19,138.5,381.5,0.42,223.8,0.22,49.99,2.8,3.5,49,0.674
2022-03-12 06:34:19,33,0.45,593214.19,136.1,382.2,0.43,224.3,0.22,49.99,2.8,3.4,49,0.673
2022-03-12 06:34:29,34,0.45,593214.19,137.6,383.2,0.43,225.0,0.22,49.98,2.8,3.3,50,0.681
2022-03-12 06:34:39,32,0.45,593214.19,136.3,382.2,0.42,224.5,0.22,49.98,2.9,3.5,49,0.662
2022-03-12 06:34:49,33,0.45,593214.19,134.0,382.3,0.43,224.3,0.22,50.00,2.9,3.6,49,0.667
2022-03-12 06:34:59,34,0.45,593214.19,137.8,383.0,0.43,225.1,0.22,49.99,2.9,3.8,50,0.675
2022-03-12 06:35:09,34,0.45,593214.19,135.9,381.9,0.43,224.4,0.22,50.00,2.9,3.4,50,0.679
2022-03-12 06:35:19,34,0.45,593214.19,137.5,381.7,0.44,223.9,0.23,50.02,2.9,3.4,50,0.688
2022-03-12 06:35:29,35,0.45,593214.19,138.0,383.3,0.44,225.0,0.23,50.01,2.9,3.8,50,0.690
2022-03-12 06:35:39,35,0.45,593214.19,140.4,382.0,0.44,224.4,0.23,50.02,2.9,3.7,51,0.690
2022-03-12 06:35:49,37,0.45,593214.19,144.8,382.0,0.44,224.4,0.24,50.02,2.9,3.8,52,0.715
2022-03-12 06:36:00,36,0.45,593214.19,141.1,383.4,0.44,225.0,0.23,50.02,2.9,3.6,51,0.698
2022-03-12 06:36:10,36,0.45,593214.19,143.0,382.9,0.45,224.8,0.23,50.01,2.9,4.3,52,0.707
2022-03-12 06:36:20,36,0.45,593214.19,139.7,382.6,0.45,224.4,0.23,50.01,2.9,3.9,52,0.707
2022-03-12 06:36:30,37,0.45,593214.19,142.0,382.9,0.45,224.9,0.23,50.00,2.9,3.7,52,0.710
2022-03-12 06:36:40,38,0.45,593214.19,148.5,382.5,0.45,225.2,0.24,50.00,2.9,3.8,53,0.721
2022-03-12 06:36:50,39,0.45,593214.19,148.8,382.4,0.45,224.3,0.24,50.01,3.0,3.6,53,0.729
2022-03-12 06:37:00,37,0.45,593214.19,144.2,382.9,0.45,223.8,0.24,50.01,2.9,3.4,52,0.719
2022-03-12 06:37:10,39,0.45,593214.19,151.8,382.8,0.45,224.7,0.24,50.00,2.9,3.6,54,0.735
2022-03-12 06:37:20,41,0.45,593214.19,154.7,378.2,0.45,221.7,0.25,49.99,2.9,3.7,54,0.753
2022-03-12 06:37:30,40,0.45,593214.19,149.9,380.1,0.46,222.8,0.25,50.00,3.0,3.3,54,0.744
2022-03-12 06:37:40,39,0.45,593214.19,145.0,379.7,0.46,223.3,0.24,50.00,2.9,3.5,53,0.736
2022-03-12 06:37:50,41,0.45,593214.19,152.3,379.6,0.46,222.5,0.25,50.00,3.0,3.7,55,0.758
2022-03-12 06:38:00,41,0.45,593214.19,155.5,380.2,0.45,222.2,0.25,49.99,3.0,3.5,55,0.750
2022-03-12 06:38:10,42,0.45,593214.19,153.2,380.4,0.46,223.2,0.25,49.99,3.0,3.7,55,0.755
2022-03-12 06:38:21,41,0.45,593214.19,148.9,378.6,0.47,222.0,0.25,49.98,3.0,3.7,55,0.751
2022-03-12 06:38:31,41,0.45,593214.19,149.7,380.0,0.47,222.4,0.25,49.99,3.0,3.9,55,0.747
2022-03-12 06:38:41,41,0.45,593214.19,149.4,379.7,0.47,222.6,0.25,49.99,3.0,3.7,55,0.750
2022-03-12 06:38:51,42,0.45,593214.19,154.1,378.8,0.47,221.8,0.25,50.00,3.0,3.8,56,0.761
2022-03-12 06:39:01,44,0.45,593214.19,156.8,378.6,0.47,222.0,0.26,50.01,3.0,3.3,58,0.775
2022-03-12 06:39:11,44,0.45,593214.19,157.4,379.6,0.47,222.5,0.26,50.01,3.0,3.5,57,0.770
2022-03-12 06:39:21,44,0.45,593214.19,157.7,378.1,0.47,221.4,0.26,50.01,3.0,3.6,57,0.776
2022-03-12 06:39:31,46,0.45,593214.19,159.9,378.6,0.48,221.4,0.27,50.00,3.0,3.8,58,0.781
2022-03-12 06:39:41,46,0.45,593214.19,159.3,379.6,0.48,222.5,0.26,50.01,3.0,3.5,58,0.786
2022-03-12 06:39:51,45,0.45,593214.19,158.9,378.4,0.48,221.8,0.26,50.02,3.0,3.7,58,0.784
2022-03-12 06:40:01,48,0.45,593214.19,167.0,377.2,0.48,221.4,0.28,50.03,3.0,3.5,60,0.799
2022-03-12 06:40:11,45,0.45,593214.19,159.1,379.1,0.48,221.9,0.26,50.02,3.0,3.9,58,0.781
2022-03-12 06:40:21,48,0.45,593214.19,169.6,374.8,0.48,218.9,0.28,50.01,3.1,3.6,60,0.808
2022-03-12 06:40:32,49,0.45,593214.19,165.0,374.1,0.49,218.7,0.28,50.00,3.1,4.1,60,0.811
2022-03-12 06:40:42,49,0.45,593214.19,165.1,370.2,0.49,216.4,0.28,50.02,3.0,3.7,60,0.818
2022-03-12 06:40:52,51,0.45,593214.19,172.6,369.0,0.49,215.2,0.29,50.01,3.0,3.2,61,0.830
2022-03-12 06:41:02,49,0.45,593214.19,163.6,369.3,0.49,215.3,0.28,50.03,3.1,3.4,59,0.820
2022-03-12 06:41:12,49,0.45,593214.19,166.4,370.1,0.49,216.3,0.28,50.03,3.0,3.7,60,0.819
2022-03-12 06:41:22,49,0.45,593214.19,169.2,369.4,0.49,215.3,0.28,50.03,3.1,3.9,60,0.825
2022-03-12 06:41:32,49,0.45,593214.19,168.4,372.1,0.49,218.3,0.28,50.02,3.0,3.4,60,0.815
2022-03-12 06:41:42,49,0.45,593214.19,165.8,374.2,0.50,218.8,0.28,50.01,3.1,3.6,60,0.817
2022-03-12 06:41:52,51,0.45,593214.19,168.5,373.1,0.49,218.2,0.28,50.01,3.1,3.2,61,0.824
2022-03-12 06:42:02,51,0.45,593214.19,168.7,373.9,0.50,218.7,0.28,50.02,3.1,3.4,62,0.823
2022-03-12 06:42:12,51,0.45,593214.19,171.1,375.3,0.50,219.4,0.28,50.00,3.1,3.8,62,0.826
2022-03-12 06:42:22,50,0.45,593214.19,167.5,375.8,0.50,219.7,0.28,50.02,3.1,3.4,62,0.816
2022-03-12 06:42:32,51,0.45,593214.19,168.0,376.4,0.50,220.1,0.29,50.01,3.1,4.1,63,0.815
2022-03-12 06:42:43,52,0.45,593214.19,170.6,379.5,0.51,222.5,0.29,50.00,3.1,3.6,64,0.816
2022-03-12 06:42:53,52,0.45,593214.19,171.1,379.2,0.51,222.4,0.29,50.00,3.1,3.7,64,0.816
2022-03-12 06:43:03,51,0.45,593214.19,166.9,379.4,0.51,222.5,0.29,50.00,3.1,3.4,63,0.811
2022-03-12 06:43:13,52,0.45,593214.19,170.6,380.2,0.51,222.9,0.29,49.99,3.1,3.6,64,0.818
2022-03-12 06:43:23,53,0.45,593214.19,170.6,379.0,0.51,222.2,0.29,50.00,3.1,3.3,65,0.819
2022-03-12 06:43:33,54,0.45,593214.19,174.9,379.3,0.51,222.4,0.30,50.01,3.2,3.5,66,0.818
2022-03-12 06:43:43,54,0.45,593214.19,172.0,380.3,0.52,223.1,0.30,50.01,3.2,3.6,66,0.824
2022-03-12 06:43:53,54,0.45,593214.19,173.8,378.5,0.52,222.0,0.30,50.01,3.1,3.4,66,0.826
2022-03-12 06:44:03,55,0.45,593214.19,173.4,379.4,0.52,222.4,0.30,50.01,3.1,3.8,66,0.828
2022-03-12 06:44:13,55,0.45,593214.19,174.1,380.7,0.52,223.2,0.30,50.01,3.1,3.6,67,0.831
2022-03-12 06:44:23,57,0.45,593214.19,177.1,379.1,0.52,222.3,0.31,49.99,3.1,3.2,68,0.838
2022-03-12 06:44:33,57,0.45,593214.19,177.4,379.2,0.52,222.3,0.31,49.99,3.2,3.6,68,0.838
2022-03-12 06:44:43,57,0.45,593214.19,177.9,380.0,0.53,222.9,0.31,49.99,3.2,3.4,68,0.838
2022-03-12 06:44:53,58,0.45,593214.19,182.2,378.6,0.52,222.0,0.31,50.01,3.2,3.8,69,0.842
2022-03-12 06:45:04,57,0.45,593214.19,175.0,378.5,0.53,221.9,0.31,50.02,3.2,3.8,68,0.841
2022-03-12 06:45:14,58,0.45,593214.19,175.5,380.1,0.53,222.8,0.31,50.01,3.2,3.3,69,0.843
2022-03-12 06:45:24,58,0.45,593214.19,177.6,378.2,0.53,221.7,0.31,50.01,3.2,3.7,69,0.845
2022-03-12 06:45:34,59,0.45,593214.19,177.9,378.1,0.53,221.7,0.32,50.01,3.2,3.7,69,0.849
2022-03-12 06:45:44,59,0.45,593214.19,178.3,379.5,0.54,222.4,0.32,50.01,3.2,3.5,70,0.847
2022-03-12 06:45:54,58,0.45,593214.19,175.2,377.7,0.54,221.3,0.31,50.02,3.2,3.4,69,0.844
2022-03-12 06:46:04,59,0.45,593214.19,176.9,378.2,0.54,221.5,0.32,50.01,3.2,3.5,70,0.845
2022-03-12 06:46:14,56,0.45,593214.19,173.0,380.1,0.53,222.5,0.31,50.01,3.2,3.4,67,0.838
2022-03-12 06:46:24,56,0.45,593214.19,168.3,378.4,0.54,221.7,0.30,50.02,3.2,3.2,67,0.837
2022-03-12 06:46:34,56,0.45,593214.19,170.3,378.0,0.54,221.4,0.30,50.01,3.2,3.1,66,0.839
2022-03-12 06:46:44,58,0.45,593214.19,175.3,379.3,0.54,222.5,0.31,50.03,3.2,3.6,69,0.844
2022-03-12 06:46:54,60,0.45,593214.19,178.8,378.2,0.55,221.6,0.32,50.02,3.2,3.7,71,0.854
2022-03-12 06:47:04,60,0.45,593214.19,178.7,378.6,0.55,221.7,0.32,50.02,3.3,3.8,71,0.852
2022-03-12 06:47:14,52,0.45,593214.19,156.7,379.5,0.55,222.0,0.29,50.02,3.2,3.5,64,0.823
2022-03-12 06:47:24,49,0.45,593214.19,148.3,378.7,0.54,222.3,0.27,50.01,3.2,3.5,60,0.804
2022-03-12 06:47:34,50,0.45,593214.19,150.3,378.3,0.55,221.7,0.28,50.00,3.2,3.7,62,0.811
2022-03-12 06:47:45,50,0.45,593214.19,147.2,378.9,0.55,222.1,0.28,50.02,3.3,3.7,61,0.812
2022-03-12 06:47:55,51,0.45,593214.19,152.0,378.2,0.55,221.4,0.29,50.02,3.3,3.7,63,0.819
2022-03-12 06:48:05,51,0.45,593214.19,149.3,378.7,0.56,222.0,0.28,50.02,3.2,3.5,62,0.817
2022-03-12 06:48:15,51,0.45,593214.19,151.2,380.1,0.56,222.5,0.28,50.02,3.2,3.8,63,0.821
2022-03-12 06:48:25,52,0.45,593214.19,151.9,379.4,0.56,222.6,0.29,50.01,3.3,3.6,63,0.824
2022-03-12 06:48:35,52,0.45,593214.19,153.1,378.6,0.56,221.8,0.29,50.00,3.3,3.6,63,0.825
2022-03-12 06:48:45,53,0.45,593214.19,154.5,379.6,0.56,222.3,0.29,50.01,3.3,3.4,64,0.826
2022-03-12 06:48:55,53,0.45,593214.19,154.9,379.2,0.56,222.3,0.29,50.01,3.3,3.4,65,0.826
2022-03-12 06:49:05,53,0.45,593214.19,153.1,377.7,0.56,221.2,0.29,50.01,3.3,3.4,64,0.829
2022-03-12 06:49:15,54,0.45,593214.19,153.5,379.4,0.56,221.5,0.29,50.01,3.3,3.8,65,0.831
2022-03-12 06:49:25,54,0.45,593214.19,153.7,378.5,0.57,222.2,0.29,50.00,3.3,3.6,65,0.827
2022-03-12 06:49:35,54,0.45,593214.19,155.2,378.6,0.56,221.8,0.29,50.00,3.3,3.5,65,0.828
2022-03-12 06:49:45,55,0.45,593214.19,157.2,380.0,0.57,222.3,0.30,50.01,3.3,3.4,66,0.834
2022-03-12 06:49:55,56,0.45,593214.19,156.4,380.2,0.57,223.0,0.30,50.01,3.3,3.7,66,0.836
2022-03-12 06:50:05,56,0.45,593214.19,156.6,378.9,0.58,221.9,0.30,50.01,3.3,3.8,67,0.835
2022-03-12 06:50:15,55,0.45,593214.19,156.0,379.7,0.57,222.4,0.30,50.01,3.3,3.3,66,0.833
2022-03-12 06:50:26,56,0.45,593214.19,159.5,381.0,0.58,223.6,0.30,50.00,3.3,3.4,67,0.837
2022-03-12 06:50:36,57,0.45,593214.19,159.7,379.7,0.58,222.5,0.31,50.00,3.3,3.6,68,0.841
2022-03-12 06:50:46,57,0.45,593214.19,157.7,379.0,0.58,222.1,0.31,49.99,3.3,3.5,68,0.842
2022-03-12 06:50:56,57,0.45,593214.19,160.9,380.1,0.58,223.1,0.31,50.00,3.3,3.7,68,0.840
2022-03-12 06:51:06,58,0.45,593214.19,162.3,379.1,0.58,222.4,0.31,50.02,3.3,3.5,69,0.848
2022-03-12 06:51:16,59,0.45,593214.19,162.6,377.1,0.58,220.7,0.31,50.01,3.3,3.9,69,0.852
2022-03-12 06:51:26,58,0.45,593214.19,162.4,378.2,0.58,221.4,0.31,50.02,3.3,3.7,69,0.848
2022-03-12 06:51:36,59,0.45,593214.19,163.5,378.5,0.58,221.8,0.32,50.02,3.4,3.5,69,0.849
2022-03-12 06:51:46,59,0.45,593214.19,161.5,378.1,0.59,221.6,0.32,50.02,3.4,4.0,69,0.852
2022-03-12 06:51:56,60,0.45,593214.19,166.9,379.9,0.59,222.5,0.32,50.01,3.4,3.8,71,0.853
2022-03-12 06:52:06,62,0.45,593214.19,165.5,378.0,0.59,221.4,0.33,50.01,3.4,4.1,72,0.861
2022-03-12 06:52:16,63,0.45,593214.19,170.2,378.0,0.59,221.6,0.33,50.02,3.4,3.7,73,0.864
2022-03-12 06:52:26,63,0.45,593214.19,170.5,378.7,0.59,221.9,0.33,50.00,3.4,3.8,73,0.863
2022-03-12 06:52:36,62,0.45,593214.19,170.0,377.8,0.59,221.2,0.33,50.03,3.4,3.7,72,0.861
2022-03-12 06:52:47,62,0.45,593214.19,167.7,379.0,0.59,221.8,0.33,50.02,3.4,3.7,72,0.859
2022-03-12 06:52:57,62,0.45,593214.19,169.3,380.2,0.59,222.7,0.33,50.01,3.4,3.8,72,0.856
2022-03-12 06:53:07,64,0.45,593214.19,172.1,378.7,0.60,222.0,0.33,50.02,3.4,3.6,74,0.864
2022-03-12 06:53:17,65,0.45,593214.19,169.7,378.6,0.60,221.9,0.34,50.03,3.4,3.6,74,0.867
2022-03-12 06:53:27,63,0.45,593214.19,170.5,379.6,0.60,222.7,0.33,50.00,3.4,3.6,73,0.863
2022-03-12 06:53:37,66,0.45,593214.19,174.0,377.3,0.60,220.8,0.35,50.00,3.4,3.6,76,0.870
2022-03-12 06:53:47,66,0.45,593214.19,171.5,374.9,0.61,219.6,0.34,50.02,3.4,3.5,75,0.872
2022-03-12 06:53:57,67,0.45,593214.19,177.9,377.4,0.61,220.9,0.35,50.03,3.4,3.4,77,0.875
2022-03-12 06:54:07,70,0.45,593214.19,183.7,376.7,0.61,220.7,0.36,50.03,3.4,3.6,80,0.880
2022-03-12 06:54:17,71,0.45,593214.19,182.6,376.0,0.61,220.0,0.37,50.03,3.4,3.6,81,0.884
2022-03-12 06:54:27,70,0.45,593214.19,182.2,377.3,0.61,221.1,0.36,50.02,3.4,3.9,79,0.878
2022-03-12 06:54:37,73,0.45,593214.19,187.5,376.5,0.62,220.3,0.38,50.03,3.5,3.8,82,0.886
2022-03-12 06:54:47,71,0.45,593214.19,183.3,376.4,0.61,220.6,0.37,50.03,3.4,3.3,80,0.881
2022-03-12 06:54:57,72,0.45,593214.19,187.2,378.1,0.61,221.6,0.37,50.02,3.5,3.7,82,0.883
2022-03-12 06:55:07,73,0.45,593214.19,188.2,376.5,0.62,220.6,0.38,50.00,3.5,3.8,83,0.887
2022-03-12 06:55:17,75,0.45,593214.19,187.5,376.8,0.63,220.7,0.39,50.00,3.5,3.1,84,0.890
2022-03-12 06:55:27,77,0.45,593214.19,194.7,377.3,0.63,220.7,0.39,50.00,3.5,3.6,87,0.893
2022-03-12 06:55:37,75,0.45,593214.19,192.3,375.4,0.62,219.6,0.39,50.01,3.5,3.4,85,0.891
2022-03-12 06:55:47,78,0.45,593214.19,196.2,374.9,0.62,219.3,0.40,50.02,3.5,3.8,87,0.895
2022-03-12 06:55:58,74,0.45,593214.19,188.0,376.9,0.62,220.7,0.38,50.02,3.5,3.7,83,0.887
2022-03-12 06:56:08,77,0.45,593214.19,195.8,376.4,0.63,220.4,0.39,50.03,3.5,3.6,86,0.895
2022-03-12 06:56:18,75,0.45,593214.19,190.7,374.2,0.62,218.8,0.39,50.04,3.5,3.6,84,0.894
2022-03-12 06:56:28,81,0.45,593214.19,198.0,375.3,0.64,219.5,0.41,50.04,3.5,3.6,89,0.901
2022-03-12 06:56:38,80,0.45,593214.19,201.0,374.1,0.63,218.8,0.41,50.04,3.5,3.8,89,0.902
2022-03-12 06:56:48,81,0.45,593214.19,197.4,373.1,0.64,217.8,0.42,50.05,3.5,3.6,90,0.903
2022-03-12 06:56:58,87,0.45,593214.19,213.4,376.3,0.64,220.0,0.44,50.05,3.5,3.5,96,0.907
2022-03-12 06:57:08,83,0.45,593214.19,202.1,374.6,0.64,218.9,0.42,50.04,3.5,3.6,92,0.904
2022-03-12 06:57:18,83,0.45,593214.19,199.1,374.2,0.65,218.7,0.42,50.03,3.6,4.0,91,0.906
2022-03-12 06:57:28,86,0.45,593214.19,210.7,377.0,0.64,220.5,0.43,50.03,3.6,3.9,95,0.907
2022-03-12 06:57:38,82,0.45,593214.19,203.0,376.2,0.64,220.4,0.42,50.02,3.6,3.7,91,0.903
2022-03-12 06:57:48,90,0.45,593214.19,218.6,379.2,0.64,222.3,0.45,50.04,3.6,3.4,99,0.909
2022-03-12 06:57:58,89,0.45,593214.19,211.5,380.3,0.65,223.1,0.44,50.04,3.6,3.8,98,0.904
2022-03-12 06:58:08,80,0.45,593214.19,195.6,377.5,0.65,219.8,0.41,50.04,3.6,3.4,89,0.900
2022-03-12 06:58:19,91,0.45,593214.19,214.5,376.3,0.65,220.0,0.45,50.04,3.6,3.6,100,0.910
2022-03-12 06:58:29,84,0.45,593214.19,201.6,377.4,0.65,220.9,0.43,50.03,3.6,3.6,94,0.901
2022-03-12 06:58:39,82,0.45,593214.19,192.2,377.8,0.67,221.2,0.41,50.03,3.6,3.7,91,0.898
2022-03-12 06:58:49,93,0.45,593214.19,219.6,377.2,0.66,221.0,0.47,50.03,3.6,3.8,102,0.912
2022-03-12 06:58:59,88,0.45,593214.19,205.4,378.3,0.67,221.6,0.44,50.03,3.6,3.6,97,0.905
2022-03-12 06:59:09,93,0.45,593214.19,219.5,377.3,0.66,221.0,0.46,50.04,3.6,3.9,102,0.911
2022-03-12 06:59:19,91,0.45,593214.19,218.7,376.6,0.65,220.3,0.46,50.05,3.6,3.7,100,0.909
2022-03-12 06:59:29,92,0.45,593214.19,217.6,378.3,0.66,221.4,0.46,50.04,3.6,3.8,102,0.909
2022-03-12 06:59:39,94,0.45,593214.19,220.3,376.1,0.67,220.3,0.47,50.04,3.6,3.5,103,0.913
2022-03-12 06:59:49,95,0.45,593214.19,222.2,377.2,0.66,221.4,0.47,50.05,3.6,3.8,104,0.911
2022-03-12 06:59:59,95,0.45,593214.19,218.3,378.8,0.67,221.4,0.47,50.05,3.6,3.5,104,0.912
2022-03-12 07:00:09,95,0.45,593214.19,219.7,375.8,0.67,220.0,0.48,50.03,3.7,3.6,104,0.914
2022-03-12 07:00:19,93,0.45,593214.19,213.8,375.9,0.67,219.7,0.47,50.03,3.7,3.8,102,0.913
2022-03-12 07:00:29,97,0.45,593214.19,220.6,379.2,0.68,222.0,0.48,50.03,3.7,3.4,106,0.913
2022-03-12 07:00:40,96,0.45,593214.19,219.9,379.1,0.68,222.4,0.48,50.02,3.7,3.3,106,0.912
2022-03-12 07:00:50,96,0.45,593214.19,218.0,377.7,0.68,221.5,0.48,50.03,3.7,3.6,105,0.914
2022-03-12 07:01:00,97,0.45,593214.19,215.3,378.9,0.69,221.2,0.48,50.03,3.7,3.7,106,0.916
2022-03-12 07:01:10,97,0.45,593214.19,217.0,378.7,0.69,222.0,0.48,50.02,3.7,3.6,106,0.914
2022-03-12 07:01:20,91,0.45,593214.19,203.3,378.1,0.70,221.5,0.46,50.03,3.7,3.4,101,0.910
2022-03-12 07:01:30,93,0.45,593214.19,204.7,379.1,0.70,222.2,0.46,50.03,3.7,3.5,102,0.911
2022-03-12 07:01:40,88,0.45,593214.19,191.5,376.7,0.72,220.8,0.44,50.02,3.7,3.4,97,0.905
2022-03-12 07:01:50,90,0.45,593214.19,193.4,376.5,0.72,219.9,0.45,50.01,3.7,4.0,98,0.911
2022-03-12 07:02:00,89,0.45,593214.19,189.8,376.7,0.72,219.8,0.44,50.03,3.7,3.7,97,0.911
2022-03-12 07:02:10,87,0.45,593214.19,185.1,375.1,0.73,219.6,0.44,50.02,3.7,4.0,96,0.907
2022-03-12 07:02:20,88,0.45,593214.19,184.5,374.6,0.73,218.7,0.44,50.02,3.7,3.4,97,0.909
2022-03-12 07:02:30,91,0.45,593214.19,192.2,375.2,0.73,218.6,0.46,50.01,3.7,4.0,100,0.913
2022-03-12 07:02:40,95,0.45,593214.19,197.2,375.6,0.74,220.1,0.47,50.02,3.8,3.3,103,0.914
2022-03-12 07:02:50,94,0.45,593214.19,196.0,374.6,0.74,219.2,0.47,50.02,3.8,3.6,103,0.914
2022-03-12 07:03:00,97,0.45,593214.19,200.5,375.8,0.75,218.9,0.49,50.02,3.7,3.5,106,0.917
2022-03-12 07:03:10,100,0.45,593214.19,202.2,376.4,0.76,220.2,0.50,50.02,3.8,3.4,109,0.917
2022-03-12 07:03:20,104,0.45,593214.19,212.5,375.3,0.75,219.2,0.52,50.02,3.8,3.7,113,0.921
2022-03-12 07:03:30,99,0.45,593214.19,203.4,375.4,0.75,218.8,0.50,50.02,3.8,3.9,108,0.919
2022-03-12 07:03:40,107,0.45,593214.19,214.9,375.8,0.76,220.0,0.53,50.02,3.8,3.9,116,0.921
2022-03-12 07:03:51,98,0.45,593214.19,194.5,375.1,0.77,219.2,0.49,50.02,3.8,3.6,107,0.918
2022-03-12 07:04:01,110,0.45,593214.19,218.2,375.9,0.76,218.7,0.55,50.03,3.8,3.9,119,0.927
2022-03-12 07:04:11,104,0.45,593214.19,206.1,374.5,0.77,219.1,0.52,50.02,3.8,3.4,113,0.921
2022-03-12 07:04:21,121,0.45,593214.19,239.9,374.6,0.75,219.0,0.60,50.03,3.8,3.4,130,0.931
2022-03-12 07:04:31,107,0.45,593214.19,209.2,374.8,0.78,218.5,0.53,50.02,3.8,3.6,115,0.925
2022-03-12 07:04:41,123,0.45,593214.19,239.6,374.0,0.77,218.6,0.60,50.01,3.8,3.1,132,0.932
2022-03-12 07:04:51,121,0.45,593214.19,234.4,373.8,0.78,219.1,0.60,50.02,3.8,3.6,130,0.932
2022-03-12 07:05:01,118,0.45,593214.19,232.6,374.4,0.77,219.3,0.58,50.02,3.8,3.6,127,0.930
2022-03-12 07:05:11,119,0.45,593214.19,235.0,376.7,0.77,220.4,0.59,50.01,3.8,3.7,129,0.929
2022-03-12 07:05:21,113,0.45,593214.19,214.2,375.8,0.80,219.0,0.56,50.01,3.8,3.7,122,0.929
2022-03-12 07:05:31,120,0.45,593214.19,224.5,373.3,0.80,217.4,0.60,50.00,3.8,4.2,129,0.932
2022-03-12 07:05:41,126,0.45,593214.19,242.3,374.3,0.78,217.9,0.62,49.99,3.8,3.7,135,0.934
2022-03-12 07:05:51,127,0.45,593214.19,241.8,371.8,0.78,217.1,0.63,49.99,3.9,3.6,135,0.937
2022-03-12 07:06:01,126,0.45,593214.19,235.0,372.4,0.80,218.1,0.62,49.99,3.9,3.6,135,0.936
2022-03-12 07:06:11,128,0.45,593214.19,235.2,375.9,0.81,219.4,0.63,50.00,3.9,3.6,137,0.935
2022-03-12 07:06:21,128,0.45,593214.19,240.6,369.4,0.80,215.4,0.64,50.01,3.9,3.4,137,0.938
2022-03-12 07:06:31,132,0.45,593214.19,240.1,369.1,0.81,215.1,0.65,50.01,3.9,3.9,140,0.941
2022-03-12 07:06:42,122,0.45,593214.19,214.8,369.6,0.85,215.7,0.61,50.01,3.9,3.3,131,0.934
2022-03-12 07:06:52,126,0.45,593214.19,226.1,366.9,0.83,213.7,0.63,50.01,3.9,3.6,134,0.938
2022-03-12 07:07:02,132,0.45,593214.19,235.2,371.6,0.83,217.1,0.65,50.01,3.9,3.8,140,0.940
2022-03-12 07:07:12,131,0.51,593214.25,231.4,373.2,0.84,218.0,0.64,50.00,3.9,3.4,140,0.938
2022-03-12 07:07:22,113,0.51,593214.25,197.4,371.6,0.86,216.8,0.56,50.00,4.0,3.9,122,0.930
2022-03-12 07:07:32,126,0.51,593214.25,220.5,375.5,0.86,220.1,0.62,50.00,4.0,3.6,135,0.935
2022-03-12 07:07:42,131,0.51,593214.25,230.0,377.8,0.85,221.4,0.63,50.00,4.0,3.7,140,0.935
2022-03-12 07:07:52,120,0.51,593214.25,203.8,376.8,0.88,220.4,0.58,50.01,3.9,3.7,128,0.932
2022-03-12 07:08:02,129,0.51,593214.25,215.6,375.2,0.89,219.4,0.63,50.01,4.0,3.5,138,0.936
2022-03-12 07:08:12,134,0.51,593214.25,228.0,377.1,0.87,220.4,0.65,50.00,3.9,4.0,143,0.937
2022-03-12 07:08:22,122,0.51,593214.25,205.3,376.4,0.90,220.0,0.60,49.99,4.0,3.4,131,0.934
2022-03-12 07:08:32,124,0.51,593214.25,204.3,376.1,0.91,220.2,0.60,49.99,4.0,3.8,133,0.933
2022-03-12 07:08:42,136,0.51,593214.25,225.2,377.2,0.89,221.2,0.66,50.00,4.0,3.9,145,0.937
2022-03-12 07:08:52,139,0.51,593214.25,228.3,376.8,0.90,220.5,0.67,50.02,4.0,3.5,148,0.941
2022-03-12 07:09:02,135,0.51,593214.25,218.4,376.4,0.92,220.4,0.66,50.02,4.0,3.5,144,0.940
2022-03-12 07:09:12,149,0.51,593214.25,242.2,377.1,0.90,220.8,0.72,50.01,4.0,3.7,158,0.944
2022-03-12 07:09:23,142,0.51,593214.25,227.4,375.3,0.92,219.8,0.69,50.01,4.0,3.4,151,0.943
2022-03-12 07:09:33,142,0.51,593214.25,226.4,376.9,0.93,220.5,0.69,50.00,4.0,3.9,151,0.942
2022-03-12 07:09:43,152,0.51,593214.25,241.8,377.8,0.92,221.4,0.73,50.01,4.1,3.6,160,0.946
2022-03-12 07:09:53,152,0.51,593214.25,241.3,376.6,0.92,220.6,0.73,50.00,4.0,3.8,161,0.947
2022-03-12 07:10:03,150,0.51,593214.25,235.4,377.4,0.93,221.0,0.72,50.01,4.1,3.8,159,0.946
2022-03-12 07:10:13,153,0.51,593214.25,240.7,378.7,0.93,222.0,0.73,50.01,4.1,3.6,162,0.946
2022-03-12 07:10:23,155,0.51,593214.25,242.5,377.7,0.93,221.3,0.74,50.01,4.1,3.6,163,0.948
2022-03-12 07:10:33,153,0.51,593214.25,234.6,378.2,0.95,221.1,0.73,50.01,4.1,3.8,161,0.948
2022-03-12 07:10:43,154,0.51,593214.25,236.6,378.4,0.96,221.9,0.74,50.01,4.1,3.7,163,0.946
2022-03-12 07:10:53,159,0.51,593214.25,239.6,377.5,0.96,220.9,0.76,50.01,4.1,4.0,167,0.951
2022-03-12 07:11:03,156,0.51,593214.25,239.5,378.0,0.95,221.1,0.75,50.02,4.1,3.8,165,0.949
2022-03-12 07:11:13,161,0.51,593214.25,240.4,378.9,0.97,222.0,0.77,50.02,4.1,3.6,170,0.949
2022-03-12 07:11:23,155,0.51,593214.25,228.8,377.9,0.98,221.1,0.74,50.02,4.1,3.5,163,0.949
2022-03-12 07:11:33,165,0.51,593214.25,247.9,377.1,0.96,221.0,0.79,50.02,4.2,3.7,174,0.953
2022-03-12 07:11:44,159,0.51,593214.25,233.0,378.8,1.00,222.0,0.76,50.02,4.1,3.8,168,0.948
2022-03-12 07:11:54,166,0.51,593214.25,243.1,377.4,0.99,221.0,0.79,50.03,4.2,3.7,174,0.953
2022-03-12 07:12:04,154,0.51,593214.25,219.6,377.0,1.02,220.6,0.74,50.02,4.2,3.5,163,0.949
2022-03-12 07:12:14,148,0.51,593214.25,212.3,378.2,1.02,221.7,0.71,50.01,4.2,3.8,157,0.944
2022-03-12 07:12:24,166,0.51,593214.25,237.8,376.9,1.01,220.9,0.79,50.00,4.2,3.4,174,0.955
2022-03-12 07:12:34,164,0.51,593214.25,230.7,377.9,1.03,221.2,0.78,50.00,4.2,4.2,172,0.953
2022-03-12 07:12:44,161,0.51,593214.25,223.6,379.0,1.04,222.1,0.77,50.00,4.2,3.5,170,0.950
2022-03-12 07:12:54,173,0.51,593214.25,242.9,380.0,1.03,222.5,0.82,50.02,4.2,3.6,181,0.956
2022-03-12 07:13:04,173,0.51,593214.25,239.6,380.2,1.04,222.9,0.82,50.01,4.2,3.3,181,0.956
2022-03-12 07:13:14,169,0.51,593214.25,232.7,381.7,1.05,222.9,0.80,50.01,4.2,3.7,178,0.954
2022-03-12 07:13:24,177,0.51,593214.25,243.3,381.1,1.04,224.0,0.83,50.02,4.3,3.8,185,0.956
2022-03-12 07:13:34,177,0.51,593214.25,239.3,380.1,1.06,222.9,0.83,50.01,4.3,3.4,185,0.958
2022-03-12 07:13:44,177,0.51,593214.25,236.8,382.1,1.07,224.1,0.83,50.00,4.3,3.4,186,0.955
2022-03-12 07:13:55,176,0.51,593214.25,234.1,381.1,1.08,223.2,0.83,50.01,4.3,4.0,184,0.956
2022-03-12 07:14:05,177,0.51,593214.25,234.7,379.7,1.08,223.1,0.83,50.02,4.3,3.6,185,0.957
2022-03-12 07:14:15,177,0.51,593214.25,233.5,381.5,1.09,223.6,0.83,50.01,4.3,3.7,186,0.955
2022-03-12 07:14:25,177,0.51,593214.25,229.7,380.1,1.10,223.7,0.83,50.00,4.3,3.8,185,0.955
2022-03-12 07:14:35,179,0.51,593214.25,230.2,379.7,1.11,222.8,0.84,50.01,4.3,3.8,187,0.958
2022-03-12 07:14:45,179,0.51,593214.25,228.6,381.4,1.12,223.7,0.84,50.01,4.3,4.0,187,0.957
2022-03-12 07:14:55,192,0.51,593214.25,249.5,381.1,1.09,223.8,0.90,50.01,4.3,3.9,200,0.961
2022-03-12 07:15:05,193,0.51,593214.25,244.5,380.2,1.11,222.7,0.90,50.02,4.4,4.0,200,0.963
2022-03-12 07:15:15,195,0.51,593214.25,252.5,382.0,1.09,224.3,0.91,50.02,4.4,3.8,203,0.962
2022-03-12 07:15:25,194,0.51,593214.25,244.7,381.5,1.12,224.0,0.90,50.01,4.4,3.7,202,0.961
2022-03-12 07:15:35,194,0.51,593214.25,242.0,380.6,1.13,223.2,0.90,50.00,4.4,3.6,201,0.963
2022-03-12 07:15:45,199,0.51,593214.25,249.9,381.0,1.12,223.1,0.93,50.00,4.4,3.7,207,0.964
2022-03-12 07:15:55,201,0.51,593214.25,247.6,381.7,1.14,224.3,0.93,50.02,4.4,4.0,208,0.963
2022-03-12 07:16:06,201,0.51,593214.25,246.0,380.7,1.15,223.3,0.94,50.02,4.4,4.0,209,0.964
2022-03-12 07:16:16,202,0.51,593214.25,246.5,381.0,1.15,223.0,0.94,50.01,4.4,3.7,209,0.965
2022-03-12 07:16:26,198,0.51,593214.25,239.4,381.4,1.17,223.8,0.92,50.01,4.4,3.4,206,0.963
2022-03-12 07:16:36,203,0.51,593214.25,243.4,380.5,1.17,223.1,0.94,50.02,4.4,3.8,210,0.965
2022-03-12 07:16:46,201,0.51,593214.25,240.0,386.6,1.19,227.5,0.92,50.02,4.5,4.3,209,0.961
2022-03-12 07:16:56,203,0.51,593214.25,242.3,385.2,1.18,226.8,0.93,50.02,4.5,3.7,211,0.963
2022-03-12 07:17:06,212,0.51,593214.25,249.1,385.4,1.19,226.6,0.97,50.02,4.5,3.8,220,0.965
2022-03-12 07:17:16,210,0.51,593214.25,241.9,385.6,1.21,226.9,0.96,50.02,4.5,3.9,217,0.964
2022-03-12 07:17:26,212,0.51,593214.25,244.1,385.8,1.21,226.5,0.97,50.02,4.5,3.9,219,0.965
2022-03-12 07:17:36,211,0.51,593214.25,242.7,385.5,1.22,226.7,0.97,50.04,4.5,4.0,219,0.965
2022-03-12 07:17:46,219,0.51,593214.25,250.9,385.9,1.21,227.0,1.00,50.04,4.5,3.5,226,0.968
2022-03-12 07:17:56,219,0.51,593214.25,250.0,385.5,1.22,222.2,1.02,50.04,4.5,4.2,226,0.968
2022-03-12 07:18:06,219,0.51,593214.25,249.5,383.1,1.22,225.2,1.01,50.03,4.5,3.9,227,0.968
2022-03-12 07:18:17,223,0.51,593214.25,251.6,383.8,1.23,225.5,1.02,50.02,4.5,3.8,230,0.969
2022-03-12 07:18:27,222,0.51,593214.25,248.3,383.7,1.24,225.9,1.02,50.02,4.5,4.2,230,0.968
2022-03-12 07:18:37,227,0.51,593214.25,257.5,382.2,1.22,224.6,1.04,50.02,4.6,4.0,234,0.970
2022-03-12 07:18:47,230,0.51,593214.25,254.9,382.4,1.24,224.8,1.06,50.02,4.6,4.2,237,0.971
2022-03-12 07:18:57,230,0.51,593214.25,257.2,382.4,1.23,224.5,1.06,50.02,4.6,4.1,237,0.971
2022-03-12 07:19:07,232,0.51,593214.25,251.9,382.3,1.26,223.8,1.07,50.02,4.6,3.7,238,0.972
2022-03-12 07:19:17,231,0.51,593214.25,248.9,382.5,1.27,224.6,1.06,50.02,4.6,4.1,238,0.971
2022-03-12 07:19:27,235,0.51,593214.25,252.3,383.3,1.28,225.4,1.07,50.03,4.6,3.6,242,0.972
2022-03-12 07:19:37,236,0.51,593214.25,247.9,384.4,1.30,226.3,1.08,50.02,4.6,3.7,243,0.970
2022-03-12 07:19:47,237,0.51,593214.25,249.3,384.3,1.30,226.0,1.08,50.03,4.7,3.8,244,0.972
2022-03-12 07:19:57,237,0.51,593214.25,247.4,384.9,1.32,226.1,1.08,50.03,4.7,3.7,244,0.971
2022-03-12 07:20:07,241,0.51,593214.25,249.1,384.5,1.32,226.0,1.10,50.03,4.7,3.4,248,0.972
2022-03-12 07:20:18,243,0.51,593214.25,250.8,385.0,1.33,225.8,1.11,50.02,4.7,4.1,250,0.973
2022-03-12 07:20:28,243,0.51,593214.25,248.4,384.7,1.34,226.4,1.11,50.03,4.7,3.8,250,0.973
2022-03-12 07:20:38,250,0.51,593214.25,254.6,385.3,1.33,226.4,1.14,50.03,4.7,3.7,257,0.973
2022-03-12 07:20:48,249,0.51,593214.25,252.0,387.1,1.35,227.6,1.13,50.03,4.8,4.4,257,0.972
2022-03-12 07:20:58,251,0.51,593214.25,251.2,385.4,1.36,226.6,1.14,50.03,4.8,3.8,258,0.973
2022-03-12 07:21:08,256,0.51,593214.25,257.8,386.3,1.35,226.9,1.16,50.03,4.7,3.5,263,0.974
2022-03-12 07:21:18,258,0.51,593214.25,255.3,385.6,1.37,226.9,1.17,50.03,4.7,4.7,265,0.974
2022-03-12 07:21:28,261,0.51,593214.25,257.7,387.1,1.36,227.4,1.18,50.03,4.8,4.1,267,0.974
2022-03-12 07:21:38,260,0.51,593214.25,255.8,382.3,1.38,224.5,1.19,50.03,4.8,4.1,267,0.975
2022-03-12 07:21:48,262,0.51,593214.25,252.1,380.6,1.40,224.4,1.20,50.02,4.8,4.0,269,0.975
2022-03-12 07:21:58,262,0.51,593214.25,251.8,383.4,1.41,225.3,1.19,50.04,4.8,3.7,269,0.974
2022-03-12 07:22:08,267,0.51,593214.25,258.4,382.0,1.39,224.3,1.22,50.03,4.8,3.7,274,0.976
2022-03-12 07:22:18,267,0.51,593214.25,253.0,381.1,1.42,223.8,1.22,50.03,4.8,4.1,273,0.977
2022-03-12 07:22:28,271,0.51,593214.25,257.8,381.3,1.41,224.1,1.24,50.03,4.8,4.1,277,0.977
2022-03-12 07:22:38,272,0.51,593214.25,256.1,383.1,1.42,224.7,1.24,50.03,4.9,3.4,278,0.977
2022-03-12 07:22:48,274,0.51,593214.25,257.7,382.2,1.42,224.7,1.25,50.03,4.9,4.0,280,0.977
2022-03-12 07:22:58,275,0.51,593214.25,255.5,383.7,1.44,225.6,1.25,50.02,4.9,4.3,282,0.977
2022-03-12 07:23:08,275,0.51,593214.25,253.8,385.4,1.46,226.3,1.25,50.03,4.9,3.8,282,0.976
2022-03-12 07:23:18,273,0.51,593214.25,248.4,382.7,1.48,224.9,1.24,50.02,4.9,3.5,279,0.977
2022-03-12 07:23:29,280,0.51,593214.25,253.9,382.3,1.48,224.8,1.28,50.03,4.9,3.9,287,0.978
2022-03-12 07:23:39,285,0.51,593214.25,259.9,384.1,1.46,225.8,1.29,50.03,4.9,4.3,291,0.978
2022-03-12 07:23:49,285,0.51,593214.25,254.1,384.1,1.49,225.6,1.29,50.03,4.9,4.2,291,0.978
2022-03-12 07:23:59,290,0.51,593214.25,261.4,383.3,1.47,225.5,1.32,50.03,4.9,3.5,297,0.979
2022-03-12 07:24:09,292,0.51,593214.25,260.2,383.2,1.49,225.3,1.33,50.02,5.0,3.8,298,0.979
2022-03-12 07:24:19,294,0.51,593214.25,263.0,385.8,1.49,226.7,1.33,50.02,5.0,4.0,301,0.977
2022-03-12 07:24:29,295,0.51,593214.25,259.2,383.1,1.51,225.1,1.34,50.02,5.0,3.9,302,0.978
2022-03-12 07:24:39,297,0.51,593214.25,260.1,383.2,1.51,225.0,1.35,50.02,5.0,4.1,304,0.978
2022-03-12 07:24:49,300,0.51,593214.25,258.7,384.0,1.53,225.8,1.36,50.01,5.1,4.6,306,0.979
2022-03-12 07:24:59,301,0.51,593214.25,259.7,385.4,1.54,227.0,1.36,50.02,5.0,3.8,308,0.977
2022-03-12 07:25:09,303,0.51,593214.25,259.3,384.2,1.54,226.0,1.37,50.01,5.1,4.4,310,0.979
2022-03-12 07:25:19,305,0.51,593214.25,258.9,385.6,1.56,226.8,1.38,50.02,5.1,4.3,312,0.978
2022-03-12 07:25:29,307,0.51,593214.25,260.9,384.6,1.55,225.7,1.39,50.00,5.1,4.3,314,0.979
2022-03-12 07:25:39,310,0.58,593214.31,259.6,385.2,1.57,226.2,1.40,50.00,5.1,4.3,317,0.978
2022-03-12 07:25:49,311,0.58,593214.31,259.9,383.2,1.57,225.2,1.41,50.01,5.1,4.2,318,0.979
2022-03-12 07:25:59,312,0.58,593214.31,255.9,385.8,1.60,226.9,1.41,50.02,5.1,4.5,319,0.978
2022-03-12 07:26:09,310,0.58,593214.31,253.8,385.8,1.61,226.9,1.40,50.02,5.1,4.4,316,0.979
2022-03-12 07:26:20,317,0.58,593214.31,258.8,389.1,1.61,229.1,1.42,50.02,5.2,3.9,324,0.978
2022-03-12 07:26:30,319,0.58,593214.31,257.0,387.8,1.63,228.2,1.43,50.02,5.2,4.3,326,0.979
2022-03-12 07:26:40,321,0.58,593214.31,258.4,388.0,1.63,228.5,1.44,50.03,5.2,4.0,328,0.979
2022-03-12 07:26:50,324,0.58,593214.31,257.9,387.2,1.64,228.4,1.45,50.01,5.2,4.0,331,0.980
2022-03-12 07:27:00,326,0.58,593214.31,258.2,389.1,1.66,228.6,1.46,50.03,5.2,4.2,333,0.979
2022-03-12 07:27:10,329,0.58,593214.31,259.8,387.7,1.66,228.0,1.48,50.03,5.2,4.6,336,0.980
2022-03-12 07:27:20,330,0.58,593214.31,260.6,389.0,1.66,228.8,1.48,50.03,5.2,3.7,337,0.980
2022-03-12 07:27:30,334,0.58,593214.31,262.6,388.0,1.66,228.7,1.49,50.03,5.2,4.3,341,0.981
2022-03-12 07:27:40,334,0.58,593214.31,262.5,389.8,1.66,229.7,1.49,50.03,5.3,4.4,341,0.980
2022-03-12 07:27:50,336,0.58,593214.31,263.4,388.0,1.66,229.2,1.50,50.02,5.3,4.5,343,0.981
2022-03-12 07:28:00,339,0.58,593214.31,261.7,389.3,1.68,229.6,1.51,50.04,5.3,5.0,346,0.980
2022-03-12 07:28:10,340,0.58,593214.31,262.3,389.0,1.69,225.4,1.54,50.03,5.3,4.5,346,0.981
2022-03-12 07:28:20,341,0.58,593214.31,263.7,388.6,1.68,228.1,1.53,50.03,5.3,3.4,348,0.980
2022-03-12 07:28:31,340,0.58,593214.31,262.3,387.4,1.69,227.0,1.53,50.04,5.3,4.6,347,0.980
2022-03-12 07:28:41,344,0.58,593214.31,261.8,387.9,1.70,227.7,1.54,50.04,5.3,4.0,350,0.981
2022-03-12 07:28:51,343,0.58,593214.31,262.3,387.3,1.70,228.0,1.54,50.05,5.4,4.0,350,0.981
2022-03-12 07:29:01,343,0.58,593214.31,262.7,387.2,1.69,227.9,1.54,50.05,5.4,4.3,350,0.981
2022-03-12 07:29:11,346,0.58,593214.31,261.7,387.8,1.71,228.4,1.55,50.04,5.4,3.9,352,0.981
2022-03-12 07:29:21,346,0.58,593214.31,261.9,388.1,1.71,228.1,1.55,50.05,5.4,4.1,353,0.981
2022-03-12 07:29:31,343,0.58,593214.31,262.5,387.3,1.70,226.8,1.55,50.04,5.4,4.7,350,0.981
2022-03-12 07:29:41,348,0.58,593214.31,261.8,387.7,1.72,227.4,1.56,50.05,5.5,4.1,355,0.981
2022-03-12 07:29:51,347,0.58,593214.31,261.5,386.8,1.72,227.8,1.56,50.04,5.5,4.8,354,0.981
2022-03-12 07:30:01,349,0.58,593214.31,261.4,387.1,1.72,227.5,1.56,50.03,5.4,3.9,355,0.981
2022-03-12 07:30:11,351,0.58,593214.31,262.7,388.0,1.73,228.4,1.57,50.03,5.5,4.5,358,0.981
2022-03-12 07:30:21,352,0.58,593214.31,264.9,387.8,1.71,228.5,1.57,50.04,5.5,4.5,359,0.981
2022-03-12 07:30:32,353,0.58,593214.31,261.3,387.5,1.74,228.4,1.58,50.03,5.5,4.5,359,0.981
2022-03-12 07:30:42,357,0.58,593214.31,261.8,387.7,1.75,228.4,1.60,50.04,5.5,4.9,364,0.982
2022-03-12 07:30:52,359,0.58,593214.31,260.6,387.5,1.77,227.8,1.61,50.03,5.5,3.9,365,0.982
2022-03-12 07:31:02,360,0.58,593214.31,259.5,387.5,1.79,227.5,1.62,50.03,5.5,4.3,367,0.982
2022-03-12 07:31:12,364,0.58,593214.31,259.5,386.7,1.80,227.4,1.63,50.03,5.6,4.8,371,0.982
2022-03-12 07:31:22,368,0.58,593214.31,262.5,387.4,1.79,228.0,1.64,50.02,5.6,5.0,374,0.982
2022-03-12 07:31:32,371,0.58,593214.31,262.7,386.7,1.81,227.1,1.67,50.02,5.6,4.2,378,0.982
2022-03-12 07:31:42,374,0.58,593214.31,263.4,386.5,1.81,227.8,1.68,50.03,5.6,4.6,381,0.983
2022-03-12 07:31:52,378,0.58,593214.31,264.7,386.2,1.82,227.7,1.69,50.03,5.6,4.7,385,0.983
2022-03-12 07:32:02,383,0.58,593214.31,263.5,387.0,1.85,228.1,1.71,50.02,5.6,4.7,390,0.983
2022-03-12 07:32:12,390,0.58,593214.31,263.8,386.6,1.87,227.6,1.74,50.02,5.6,4.9,396,0.983
2022-03-12 07:32:22,395,0.58,593214.31,264.3,387.8,1.89,227.9,1.76,50.02,5.7,5.3,401,0.984
2022-03-12 07:32:33,398,0.58,593214.31,263.8,386.2,1.90,227.7,1.78,50.02,5.7,4.4,404,0.984
2022-03-12 07:32:43,403,0.58,593214.31,264.1,387.0,1.92,227.6,1.80,50.02,5.7,4.6,409,0.984
2022-03-12 07:32:53,405,0.58,593214.31,262.5,386.7,1.94,227.7,1.81,50.03,5.7,3.7,412,0.984
2022-03-12 07:33:03,408,0.58,593214.31,262.7,387.2,1.95,226.7,1.83,50.04,5.7,4.1,415,0.985
2022-03-12 07:33:13,411,0.58,593214.31,261.8,386.9,1.97,227.9,1.84,50.03,5.7,3.9,418,0.984
2022-03-12 07:33:23,412,0.58,593214.31,261.4,386.2,1.98,226.7,1.85,50.03,5.8,4.4,418,0.985
2022-03-12 07:33:33,415,0.58,593214.31,263.8,386.6,1.97,227.8,1.85,50.02,5.8,4.2,421,0.985
2022-03-12 07:33:43,418,0.58,593214.31,263.7,387.2,1.98,227.8,1.87,50.04,5.8,4.1,424,0.985
2022-03-12 07:33:53,419,0.58,593214.31,267.4,386.9,1.96,227.8,1.87,50.02,5.8,4.2,426,0.985
2022-03-12 07:34:03,422,0.58,593214.31,264.8,386.7,1.99,227.8,1.88,50.03,5.8,4.3,429,0.985
2022-03-12 07:34:13,427,0.58,593214.31,265.9,386.8,1.99,228.3,1.90,50.04,5.8,3.8,433,0.985
2022-03-12 07:34:23,427,0.58,593214.31,264.7,387.5,2.01,228.3,1.90,50.03,5.8,4.4,434,0.985
2022-03-12 07:34:33,430,0.58,593214.31,265.1,388.0,2.02,228.1,1.92,50.03,5.9,3.7,437,0.985
2022-03-12 07:34:44,433,0.58,593214.31,264.9,388.7,2.04,228.8,1.93,50.04,5.9,4.2,440,0.985
2022-03-12 07:34:54,435,0.58,593214.31,263.6,389.2,2.06,228.0,1.94,50.03,5.9,4.4,441,0.985
2022-03-12 07:35:04,439,0.58,593214.31,264.2,389.0,2.06,229.6,1.94,50.04,5.9,4.5,446,0.985
2022-03-12 07:35:14,442,0.58,593214.31,265.9,389.2,2.06,229.5,1.96,50.04,5.9,4.2,448,0.986
2022-03-12 07:35:24,443,0.58,593214.31,264.3,389.1,2.08,229.4,1.96,50.03,6.0,4.4,449,0.986
2022-03-12 07:35:34,447,0.58,593214.31,264.9,388.6,2.09,229.6,1.98,50.02,6.0,4.4,454,0.985
2022-03-12 07:35:44,448,0.58,593214.31,264.7,388.5,2.10,228.9,1.99,50.02,6.0,5.2,455,0.986
2022-03-12 07:35:54,449,0.58,593214.31,264.0,390.2,2.11,229.9,1.98,50.03,6.0,5.0,455,0.986
2022-03-12 07:36:04,451,0.64,593214.38,264.6,387.9,2.11,228.8,2.00,50.04,6.0,3.7,458,0.986
2022-03-12 07:36:14,454,0.64,593214.38,266.0,389.2,2.11,229.3,2.01,50.03,6.1,4.9,460,0.986
2022-03-12 07:36:24,457,0.64,593214.38,264.3,388.4,2.13,229.2,2.02,50.03,6.1,4.1,463,0.986
2022-03-12 07:36:34,462,0.64,593214.38,266.1,388.4,2.13,230.0,2.04,50.04,6.1,4.5,468,0.986
2022-03-12 07:36:45,460,0.64,593214.38,263.5,388.6,2.15,229.1,2.04,50.02,6.1,4.1,467,0.986
2022-03-12 07:36:55,462,0.64,593214.38,262.5,389.6,2.17,229.3,2.05,50.03,6.2,4.3,469,0.986
2022-03-12 07:37:05,468,0.64,593214.38,263.3,387.6,2.18,228.9,2.07,50.04,6.2,4.8,474,0.987
2022-03-12 07:37:15,469,0.64,593214.38,265.0,389.2,2.17,229.9,2.07,50.04,6.1,4.3,475,0.986
2022-03-12 07:37:25,473,0.64,593214.38,266.3,389.0,2.17,228.9,2.10,50.03,6.2,4.4,479,0.987
2022-03-12 07:37:35,474,0.64,593214.38,265.6,388.7,2.19,229.4,2.10,50.03,6.2,4.7,481,0.986
2022-03-12 07:37:45,478,0.64,593214.38,264.9,389.1,2.20,229.0,2.12,50.03,6.2,4.1,484,0.987
2022-03-12 07:37:55,479,0.64,593214.38,265.6,388.8,2.20,229.1,2.12,50.04,6.2,4.0,485,0.987
2022-03-12 07:38:05,481,0.64,593214.38,265.7,388.1,2.21,228.8,2.13,50.04,6.2,3.9,487,0.987
2022-03-12 07:38:15,484,0.64,593214.38,265.4,388.9,2.23,228.7,2.15,50.03,6.3,4.2,490,0.987
2022-03-12 07:38:25,487,0.64,593214.38,266.0,388.2,2.23,228.1,2.17,50.03,6.3,4.3,494,0.987
2022-03-12 07:38:35,489,0.64,593214.38,265.9,389.8,2.24,229.5,2.16,50.03,6.3,4.0,496,0.987
2022-03-12 07:38:45,493,0.64,593214.38,264.8,389.2,2.27,229.4,2.18,50.02,6.4,4.0,499,0.987
2022-03-12 07:38:56,496,0.64,593214.38,265.3,389.5,2.27,229.4,2.19,50.02,6.4,4.3,502,0.987
2022-03-12 07:39:06,497,0.64,593214.38,264.5,389.5,2.28,229.3,2.19,50.03,6.3,4.1,503,0.988
2022-03-12 07:39:16,499,0.64,593214.38,265.6,388.9,2.28,229.2,2.21,50.03,6.4,4.4,506,0.987
2022-03-12 07:39:26,500,0.64,593214.38,264.5,389.7,2.30,229.8,2.21,50.02,6.4,4.5,506,0.988
2022-03-12 07:39:36,505,0.64,593214.38,265.6,389.5,2.31,229.8,2.23,50.02,6.4,4.4,511,0.987
2022-03-12 07:39:46,508,0.64,593214.38,264.0,388.2,2.33,228.7,2.25,50.01,6.4,4.1,514,0.988
2022-03-12 07:39:56,511,0.64,593214.38,263.0,384.9,2.34,225.0,2.30,50.02,6.5,4.4,517,0.988
2022-03-12 07:40:06,515,0.64,593214.38,265.5,383.1,2.32,224.9,2.32,50.01,6.5,4.0,521,0.989
2022-03-12 07:40:16,516,0.64,593214.38,266.3,383.1,2.32,225.2,2.32,50.02,6.5,3.9,522,0.988
2022-03-12 07:40:26,517,0.64,593214.38,265.1,383.9,2.35,225.7,2.32,50.01,6.5,3.9,524,0.988
2022-03-12 07:40:36,521,0.64,593214.38,264.0,382.5,2.36,224.3,2.35,50.01,6.6,4.2,527,0.989
2022-03-12 07:40:46,525,0.64,593214.38,265.8,380.9,2.35,223.3,2.38,50.01,6.6,4.1,531,0.989
2022-03-12 07:40:57,527,0.64,593214.38,264.3,378.0,2.37,221.8,2.40,50.01,6.6,4.2,533,0.989
2022-03-12 07:41:07,526,0.64,593214.38,264.7,378.1,2.37,221.4,2.41,50.01,6.6,4.6,532,0.989
2022-03-12 07:41:17,532,0.64,593214.38,264.8,378.9,2.39,222.4,2.42,50.00,6.6,3.8,538,0.989
2022-03-12 07:41:27,533,0.64,593214.38,265.1,380.3,2.39,223.0,2.42,50.00,6.6,4.5,539,0.989
2022-03-12 07:41:37,538,0.64,593214.38,264.7,378.1,2.40,221.3,2.46,50.00,6.7,4.3,544,0.990
2022-03-12 07:41:47,537,0.64,593214.38,264.9,380.2,2.41,223.0,2.44,50.02,6.7,4.3,543,0.989
2022-03-12 07:41:57,540,0.64,593214.38,265.2,379.1,2.42,222.3,2.46,50.03,6.7,4.2,546,0.989
2022-03-12 07:42:07,543,0.64,593214.38,264.7,378.3,2.43,221.6,2.48,50.02,6.7,4.3,549,0.990
2022-03-12 07:42:17,547,0.64,593214.38,265.1,379.1,2.44,222.1,2.49,50.02,6.7,4.2,553,0.989
2022-03-12 07:42:27,549,0.64,593214.38,267.3,380.9,2.42,223.3,2.49,50.01,6.7,4.4,554,0.989
2022-03-12 07:42:37,553,0.64,593214.38,266.0,378.8,2.45,221.9,2.52,50.02,6.8,4.3,558,0.990
2022-03-12 07:42:47,555,0.64,593214.38,266.1,380.9,2.46,223.2,2.51,50.02,6.8,4.3,560,0.990
2022-03-12 07:42:58,558,0.64,593214.38,264.1,379.9,2.49,222.3,2.54,50.02,6.8,4.2,564,0.990
2022-03-12 07:43:08,558,0.64,593214.38,265.1,381.0,2.48,223.3,2.53,50.01,6.8,4.4,564,0.990
2022-03-12 07:43:18,561,0.64,593214.38,264.8,379.3,2.49,222.2,2.55,50.02,6.8,4.2,567,0.990
2022-03-12 07:43:28,562,0.64,593214.38,265.8,379.2,2.48,222.1,2.55,50.01,6.9,4.1,567,0.990
2022-03-12 07:43:38,566,0.70,593214.44,267.3,379.9,2.49,223.0,2.56,50.01,6.9,4.6,571,0.990
2022-03-12 07:43:48,568,0.70,593214.44,265.5,380.4,2.52,223.0,2.57,50.02,6.9,4.2,573,0.991
2022-03-12 07:43:58,570,0.70,593214.44,267.5,379.6,2.50,222.8,2.59,50.02,7.0,4.3,576,0.990
2022-03-12 07:44:08,574,0.70,593214.44,265.1,380.0,2.54,222.9,2.60,50.03,6.9,4.6,580,0.990
2022-03-12 07:44:18,578,0.70,593214.44,265.1,379.2,2.55,222.1,2.63,50.01,7.0,4.8,584,0.991
2022-03-12 07:44:28,579,0.70,593214.44,264.6,379.6,2.56,222.5,2.63,50.00,7.0,4.1,584,0.991
2022-03-12 07:44:38,581,0.70,593214.44,264.5,380.1,2.57,222.7,2.64,50.02,7.0,4.7,586,0.991
2022-03-12 07:44:48,586,0.70,593214.44,265.4,379.7,2.58,222.8,2.66,50.02,7.0,4.2,591,0.991
2022-03-12 07:44:58,587,0.70,593214.44,265.3,377.9,2.58,221.5,2.68,50.01,7.0,4.2,592,0.991
2022-03-12 07:45:08,587,0.70,593214.44,263.6,379.0,2.60,221.8,2.67,50.01,7.1,4.6,592,0.991
2022-03-12 07:45:18,592,0.70,593214.44,264.9,381.8,2.61,224.3,2.67,50.00,7.1,4.2,598,0.991
2022-03-12 07:45:28,595,0.70,593214.44,264.4,381.9,2.63,224.1,2.68,50.00,7.1,4.2,600,0.991
2022-03-12 07:45:39,596,0.70,593214.44,263.9,381.4,2.64,224.0,2.69,50.00,7.1,4.5,602,0.991
2022-03-12 07:45:49,598,0.70,593214.44,264.0,382.5,2.65,224.5,2.69,50.00,7.1,4.0,603,0.991
2022-03-12 07:45:59,602,0.70,593214.44,263.4,382.3,2.66,224.7,2.70,50.02,7.1,4.3,607,0.991
2022-03-12 07:46:09,604,0.70,593214.44,264.5,383.1,2.66,224.8,2.71,50.01,7.2,4.4,609,0.991
2022-03-12 07:46:19,607,0.70,593214.44,263.5,384.0,2.69,226.3,2.71,50.01,7.2,4.1,613,0.991
2022-03-12 07:46:29,610,0.70,593214.44,266.0,383.3,2.67,225.1,2.73,50.02,7.2,4.3,615,0.992
2022-03-12 07:46:39,615,0.70,593214.44,267.1,383.2,2.67,224.9,2.76,50.01,7.2,4.4,620,0.991
2022-03-12 07:46:49,614,0.70,593214.44,263.4,388.8,2.73,230.3,2.69,50.01,7.3,4.3,619,0.991
2022-03-12 07:46:59,620,0.70,593214.44,264.5,389.3,2.74,229.2,2.73,50.02,7.3,4.1,625,0.992
2022-03-12 07:47:09,622,0.70,593214.44,263.8,390.3,2.76,229.8,2.73,50.00,7.3,4.4,628,0.992
2022-03-12 07:47:19,625,0.70,593214.44,264.0,390.2,2.77,230.1,2.74,49.99,7.3,4.5,630,0.991
2022-03-12 07:47:29,627,0.70,593214.44,263.9,389.7,2.78,230.0,2.75,50.00,7.4,4.3,633,0.992
2022-03-12 07:47:39,627,0.70,593214.44,264.6,388.7,2.77,229.8,2.76,50.00,7.4,4.2,633,0.991
2022-03-12 07:47:49,632,0.70,593214.44,265.0,389.4,2.78,229.4,2.78,50.01,7.4,4.3,637,0.992
2022-03-12 07:47:59,633,0.70,593214.44,264.5,390.2,2.79,229.9,2.78,50.01,7.4,4.6,639,0.992
2022-03-12 07:48:09,635,0.70,593214.44,264.8,390.9,2.80,230.6,2.78,50.02,7.4,5.3,641,0.992
2022-03-12 07:48:19,637,0.70,593214.44,264.1,390.2,2.81,230.2,2.79,50.01,7.4,4.7,642,0.992
2022-03-12 07:48:29,641,0.70,593214.44,264.9,392.2,2.82,231.4,2.79,50.00,7.5,4.4,646,0.992
2022-03-12 07:48:39,644,0.70,593214.44,264.6,391.8,2.84,231.3,2.81,49.99,7.5,4.7,649,0.992
2022-03-12 07:48:49,639,0.70,593214.44,269.1,383.7,2.74,225.1,2.86,50.00,7.5,4.9,644,0.992
2022-03-12 07:49:00,646,0.70,593214.44,263.5,383.5,2.83,224.9,2.90,50.01,7.5,4.0,651,0.992
2022-03-12 07:49:10,649,0.70,593214.44,264.9,384.1,2.83,226.0,2.90,50.02,7.5,4.1,654,0.992
2022-03-12 07:49:20,647,0.70,593214.44,268.6,381.8,2.77,224.0,2.91,50.02,7.5,4.5,652,0.992
2022-03-12 07:49:30,655,0.70,593214.44,264.2,382.4,2.85,228.0,2.90,50.02,7.5,4.8,660,0.992
2022-03-12 07:49:40,658,0.70,593214.44,266.1,388.0,2.86,227.8,2.91,50.01,7.6,4.3,663,0.993
2022-03-12 07:49:50,661,0.77,593214.50,264.5,388.6,2.89,229.1,2.91,50.01,7.5,4.6,666,0.993
2022-03-12 07:50:00,660,0.77,593214.50,264.6,389.1,2.88,229.2,2.90,50.02,7.6,4.3,665,0.992
2022-03-12 07:50:10,665,0.77,593214.50,263.9,389.3,2.91,229.0,2.93,50.01,7.6,4.8,670,0.993
2022-03-12 07:50:20,664,0.77,593214.50,264.3,388.0,2.90,228.4,2.93,50.01,7.6,4.2,669,0.993
2022-03-12 07:50:30,672,0.77,593214.50,264.8,389.6,2.93,229.5,2.95,50.01,7.6,4.2,677,0.993
2022-03-12 07:50:40,673,0.77,593214.50,264.8,389.3,2.93,229.7,2.95,50.01,7.6,4.6,678,0.993
2022-03-12 07:50:50,671,0.77,593214.50,264.5,389.3,2.93,229.4,2.95,50.02,7.6,4.7,676,0.993
2022-03-12 07:51:00,675,0.77,593214.50,264.5,389.6,2.94,229.9,2.96,50.03,7.6,4.3,681,0.992
2022-03-12 07:51:10,677,0.77,593214.50,264.6,390.4,2.95,230.4,2.96,50.03,7.6,4.4,682,0.992
2022-03-12 07:51:20,679,0.77,593214.50,264.1,390.8,2.96,230.7,2.97,50.03,7.6,4.3,684,0.992
2022-03-12 07:51:30,681,0.77,593214.50,263.6,391.5,2.98,230.7,2.97,50.03,7.6,4.3,686,0.993
2022-03-12 07:51:40,684,0.77,593214.50,263.7,391.0,2.99,230.4,2.99,50.02,7.5,4.2,689,0.993
2022-03-12 07:51:50,693,0.77,593214.50,266.0,391.2,3.00,230.9,3.03,50.02,7.5,4.7,698,0.993
2022-03-12 07:52:00,692,0.77,593214.50,266.9,390.4,2.97,230.4,3.03,50.03,7.5,4.4,697,0.994
2022-03-12 07:52:10,695,0.77,593214.50,263.8,390.4,3.02,230.3,3.04,50.03,8.0,4.2,700,0.993
2022-03-12 07:52:20,698,0.77,593214.50,264.5,391.5,3.03,231.2,3.04,50.02,8.1,4.4,703,0.993
2022-03-12 07:52:31,704,0.77,593214.50,264.6,390.5,3.05,230.3,3.08,50.02,8.1,4.5,708,0.994
2022-03-12 07:52:41,706,0.77,593214.50,266.8,389.8,3.03,230.0,3.09,50.02,8.1,4.4,710,0.994
2022-03-12 07:52:51,709,0.77,593214.50,264.1,391.6,3.08,231.0,3.09,50.02,8.1,5.0,713,0.994
2022-03-12 07:53:01,705,0.77,593214.50,269.1,389.2,2.99,229.1,3.10,50.04,8.2,4.5,709,0.994
2022-03-12 07:53:11,713,0.77,593214.50,264.0,389.9,3.09,230.0,3.12,50.03,8.2,4.7,717,0.994
2022-03-12 07:53:21,717,0.77,593214.50,263.9,390.3,3.11,229.9,3.14,50.03,8.2,5.1,722,0.994
2022-03-12 07:53:31,722,0.77,593214.50,265.3,390.9,3.10,230.6,3.15,50.02,8.2,4.3,726,0.994
2022-03-12 07:53:41,724,0.77,593214.50,263.7,390.7,3.13,230.1,3.16,50.03,8.2,4.2,728,0.994
2022-03-12 07:53:51,722,0.77,593214.50,266.4,391.0,3.09,229.6,3.16,50.03,8.3,4.6,726,0.994
2022-03-12 07:54:01,726,0.77,593214.50,263.3,389.4,3.15,230.2,3.18,50.04,8.3,4.2,731,0.994
2022-03-12 07:54:11,728,0.77,593214.50,267.2,390.5,3.11,230.0,3.19,50.04,8.3,4.8,732,0.994
2022-03-12 07:54:21,733,0.77,593214.50,264.5,389.7,3.16,229.7,3.21,50.02,8.3,4.8,737,0.994
2022-03-12 07:54:31,729,0.77,593214.50,265.7,390.7,3.13,229.9,3.19,50.02,8.3,4.5,733,0.994
2022-03-12 07:54:41,736,0.77,593214.50,264.1,390.5,3.18,230.7,3.21,50.02,8.4,4.4,740,0.994
2022-03-12 07:54:51,736,0.77,593214.50,268.0,390.6,3.13,230.5,3.22,50.02,8.4,4.3,741,0.994
2022-03-12 07:55:01,741,0.77,593214.50,262.1,391.1,3.22,231.7,3.22,50.03,8.4,4.9,745,0.994
2022-03-12 07:55:11,745,0.77,593214.50,264.7,391.3,3.20,230.7,3.25,50.02,8.4,4.8,749,0.994
2022-03-12 07:55:21,748,0.83,593214.56,263.3,391.6,3.24,230.6,3.26,50.01,8.5,4.7,752,0.994
2022-03-12 07:55:31,752,0.83,593214.56,263.9,392.4,3.24,231.7,3.27,50.01,8.5,4.3,756,0.994
2022-03-12 07:55:42,747,0.83,593214.56,268.1,391.6,3.17,230.9,3.26,50.01,8.5,4.9,752,0.994
2022-03-12 07:55:52,750,0.83,593214.56,262.7,390.8,3.25,230.8,3.27,50.02,8.5,4.6,754,0.994
2022-03-12 07:56:02,754,0.83,593214.56,266.1,392.2,3.23,231.5,3.28,50.02,8.5,4.5,759,0.994
2022-03-12 07:56:12,758,0.83,593214.56,263.2,391.0,3.27,230.7,3.30,50.02,8.4,4.4,762,0.994
2022-03-12 07:56:22,764,0.83,593214.56,264.3,391.5,3.29,230.9,3.33,50.02,8.3,5.0,768,0.994
2022-03-12 07:56:32,772,0.83,593214.56,264.8,392.8,3.31,232.0,3.35,50.02,8.4,4.0,777,0.994
2022-03-12 07:56:42,772,0.83,593214.56,261.4,392.0,3.35,231.2,3.36,50.01,8.6,4.2,777,0.994
2022-03-12 07:56:52,778,0.83,593214.56,265.2,391.6,3.32,231.6,3.38,50.02,8.7,4.6,783,0.994
2022-03-12 07:57:02,774,0.83,593214.56,260.5,393.5,3.37,232.1,3.36,50.02,8.8,4.3,779,0.994
2022-03-12 07:57:12,779,0.83,593214.56,264.7,391.5,3.33,231.1,3.39,50.01,8.8,4.3,783,0.995
2022-03-12 07:57:22,780,0.83,593214.56,266.8,392.4,3.31,231.5,3.39,50.01,8.8,4.6,785,0.994
2022-03-12 07:57:32,783,0.83,593214.56,260.1,392.4,3.41,231.9,3.40,50.01,8.9,4.5,788,0.994
2022-03-12 07:57:42,789,0.83,593214.56,264.1,391.9,3.38,230.8,3.44,50.00,8.9,4.3,794,0.995
2022-03-12 07:57:52,788,0.83,593214.56,267.9,391.0,3.32,231.2,3.43,49.99,8.9,4.9,792,0.994
2022-03-12 07:58:02,792,0.83,593214.56,265.3,393.0,3.38,231.8,3.44,50.00,9.0,4.2,797,0.994
2022-03-12 07:58:12,794,0.83,593214.56,261.3,392.5,3.44,231.7,3.45,50.01,9.0,4.6,799,0.995
2022-03-12 07:58:22,798,0.83,593214.56,264.6,392.3,3.41,231.7,3.47,50.00,9.0,4.2,803,0.995
2022-03-12 07:58:32,799,0.83,593214.56,267.0,393.8,3.38,232.9,3.45,49.99,9.0,5.1,803,0.994
2022-03-12 07:58:42,804,0.83,593214.56,264.8,394.2,3.43,232.6,3.48,50.01,9.1,4.5,808,0.994
2022-03-12 07:58:52,805,0.83,593214.56,262.1,393.2,3.47,232.4,3.49,50.01,9.1,4.3,810,0.994
2022-03-12 07:59:03,807,0.83,593214.56,265.8,395.3,3.43,233.2,3.48,50.01,9.1,4.7,812,0.994
2022-03-12 07:59:13,811,0.83,593214.56,264.1,394.1,3.47,232.7,3.51,50.02,9.1,4.1,816,0.994
2022-03-12 07:59:23,813,0.83,593214.56,263.4,393.4,3.48,232.0,3.53,50.03,9.1,4.3,818,0.995
2022-03-12 07:59:33,816,0.83,593214.56,265.4,395.7,3.47,233.5,3.52,50.02,9.2,4.3,821,0.994
2022-03-12 07:59:43,818,0.83,593214.56,262.2,394.9,3.52,233.3,3.53,50.01,9.2,4.8,822,0.995
2022-03-12 07:59:53,822,0.83,593214.56,266.2,394.3,3.48,233.0,3.55,50.01,9.2,4.4,827,0.995
2022-03-12 08:00:03,825,0.83,593214.56,262.7,395.6,3.54,234.3,3.54,50.02,9.3,4.7,829,0.994
2022-03-12 08:00:13,826,0.90,593214.62,265.3,394.7,3.51,233.1,3.57,50.01,9.3,4.6,831,0.994
2022-03-12 08:00:23,832,0.90,593214.62,263.4,395.2,3.56,233.2,3.59,50.01,9.3,4.5,837,0.995
2022-03-12 08:00:33,831,0.90,593214.62,260.9,393.4,3.58,232.5,3.60,50.01,9.3,5.0,836,0.994
2022-03-12 08:00:43,836,0.90,593214.62,265.1,391.6,3.54,231.2,3.64,50.01,9.3,4.6,840,0.995
2022-03-12 08:00:53,837,0.90,593214.62,263.7,393.4,3.57,232.2,3.63,50.02,9.4,4.7,841,0.995
2022-03-12 08:01:03,841,0.90,593214.62,265.4,395.2,3.56,233.7,3.62,50.02,9.5,4.6,845,0.994
2022-03-12 08:01:13,842,0.90,593214.62,263.1,394.0,3.60,232.4,3.64,50.02,9.4,5.0,846,0.995
2022-03-12 08:01:23,846,0.90,593214.62,264.8,394.9,3.59,233.2,3.65,50.04,9.5,5.0,851,0.995
2022-03-12 08:01:33,846,0.90,593214.62,260.3,395.1,3.65,233.5,3.64,50.04,9.5,4.3,851,0.994
2022-03-12 08:01:43,853,0.90,593214.62,264.0,393.0,3.62,232.1,3.70,50.05,9.5,4.9,858,0.995
2022-03-12 08:01:53,855,0.90,593214.62,264.6,393.7,3.62,232.7,3.69,50.04,9.6,4.8,859,0.995
2022-03-12 08:02:03,857,0.90,593214.62,261.9,395.1,3.67,233.8,3.69,50.04,9.6,4.6,861,0.994
2022-03-12 08:02:14,863,0.90,593214.62,264.3,394.9,3.66,232.9,3.73,50.03,9.6,4.2,868,0.995
2022-03-12 08:02:24,858,0.90,593214.62,258.5,395.0,3.72,233.4,3.70,50.03,9.7,4.4,863,0.995
2022-03-12 08:02:34,866,0.90,593214.62,267.1,393.6,3.62,232.1,3.75,50.03,9.7,4.9,870,0.995
2022-03-12 08:02:44,860,0.90,593214.62,257.8,393.4,3.74,232.3,3.73,50.03,9.7,4.9,865,0.994
2022-03-12 08:02:54,872,0.90,593214.62,263.7,392.5,3.69,232.7,3.77,50.03,9.7,4.4,877,0.994
2022-03-12 08:03:04,869,0.90,593214.62,261.0,394.1,3.73,232.5,3.76,50.02,9.8,4.5,874,0.994
2022-03-12 08:03:14,875,0.90,593214.62,264.0,393.7,3.70,232.6,3.79,50.02,9.8,4.4,880,0.995
2022-03-12 08:03:24,875,0.90,593214.62,260.5,392.7,3.75,232.0,3.80,50.01,9.8,4.5,880,0.995
2022-03-12 08:03:34,880,0.90,593214.62,265.4,392.6,3.70,232.0,3.82,50.02,9.9,4.8,885,0.995
2022-03-12 08:03:44,883,0.90,593214.62,262.0,394.2,3.76,232.5,3.82,50.02,9.9,5.3,888,0.994
2022-03-12 08:03:54,885,0.90,593214.62,264.6,393.3,3.73,232.4,3.83,50.02,9.9,4.8,890,0.994
2022-03-12 08:04:04,886,0.90,593214.62,267.3,392.0,3.69,231.1,3.85,50.03,10.0,4.8,891,0.994
2022-03-12 08:04:15,892,0.90,593214.62,264.9,393.7,3.76,232.6,3.86,50.03,10.0,4.8,897,0.994
2022-03-12 08:04:25,894,0.90,593214.62,264.9,394.2,3.77,232.6,3.87,50.02,10.0,4.9,899,0.994
2022-03-12 08:04:35,897,0.90,593214.62,264.6,394.2,3.78,232.8,3.88,50.03,10.0,4.7,902,0.995
2022-03-12 08:04:45,902,0.96,593214.69,263.9,394.3,3.81,232.7,3.90,50.02,10.0,4.8,907,0.994
2022-03-12 08:04:55,904,0.96,593214.69,263.8,393.8,3.81,232.3,3.91,50.01,10.1,4.8,909,0.995
2022-03-12 08:05:05,905,0.96,593214.69,264.5,393.0,3.80,232.6,3.91,50.01,10.1,4.8,910,0.995
2022-03-12 08:05:15,904,0.96,593214.69,260.6,392.9,3.86,232.3,3.91,50.02,10.2,4.8,909,0.995
2022-03-12 08:05:25,909,0.96,593214.69,265.3,391.8,3.80,231.1,3.95,50.02,10.2,4.9,913,0.995
2022-03-12 08:05:35,906,0.96,593214.69,261.0,393.2,3.86,232.1,3.93,50.02,10.2,4.8,911,0.995
2022-03-12 08:05:45,912,0.96,593214.69,264.7,392.5,3.83,231.8,3.96,50.03,10.2,5.0,917,0.995
2022-03-12 08:05:55,913,0.96,593214.69,259.4,393.4,3.91,232.1,3.96,50.03,10.3,5.3,918,0.995
2022-03-12 08:06:05,916,0.96,593214.69,268.3,395.0,3.79,233.1,3.95,50.04,10.3,5.1,921,0.995
2022-03-12 08:06:15,922,0.96,593214.69,263.1,394.1,3.89,232.9,3.98,50.04,10.3,4.8,927,0.995
2022-03-12 08:06:25,925,0.96,593214.69,264.5,397.4,3.89,234.9,3.96,50.03,10.4,4.6,930,0.994
2022-03-12 08:06:35,927,0.96,593214.69,264.8,397.3,3.89,235.1,3.97,50.02,10.4,4.6,932,0.994
2022-03-12 08:06:46,928,0.96,593214.69,263.9,397.1,3.91,234.7,3.98,50.02,10.4,4.7,933,0.994
2022-03-12 08:06:56,923,0.96,593214.69,258.1,397.5,3.98,234.9,3.96,50.02,10.4,5.2,929,0.994
2022-03-12 08:07:06,934,0.96,593214.69,265.2,397.5,3.91,234.9,4.00,50.02,10.5,4.8,939,0.994
2022-03-12 08:07:16,932,0.96,593214.69,258.9,396.5,4.00,234.7,3.99,50.01,10.5,5.4,937,0.994
2022-03-12 08:07:26,936,0.96,593214.69,265.8,397.3,3.91,235.0,4.01,50.01,10.5,4.4,941,0.994
2022-03-12 08:07:36,939,0.96,593214.69,262.9,397.7,3.97,235.0,4.02,50.02,10.5,4.8,944,0.994
2022-03-12 08:07:46,940,0.96,593214.69,263.6,397.6,3.96,235.2,4.02,50.03,10.6,4.8,945,0.994
2022-03-12 08:07:56,943,0.96,593214.69,265.3,396.5,3.95,234.8,4.04,50.03,10.6,4.9,948,0.994
2022-03-12 08:08:06,946,0.96,593214.69,264.9,397.3,3.96,234.8,4.05,50.03,10.6,4.5,951,0.994
2022-03-12 08:08:16,952,0.96,593214.69,263.8,397.8,4.00,235.5,4.07,50.02,10.7,4.2,957,0.995
2022-03-12 08:08:26,952,0.96,593214.69,259.3,397.9,4.07,235.7,4.06,50.03,10.7,4.7,957,0.995
2022-03-12 08:08:36,957,0.96,593214.69,267.3,396.9,3.96,235.1,4.09,50.02,10.7,4.9,962,0.995
2022-03-12 08:08:46,964,1.02,593214.75,259.8,397.5,4.11,235.4,4.12,50.02,10.8,4.6,969,0.995
2022-03-12 08:08:56,965,1.02,593214.75,265.7,397.8,4.02,235.4,4.12,50.03,10.8,4.7,971,0.995
2022-03-12 08:09:07,964,1.02,593214.75,260.6,397.5,4.10,235.3,4.12,50.02,10.8,5.1,969,0.995
2022-03-12 08:09:17,968,1.02,593214.75,266.4,398.5,4.02,236.1,4.12,50.03,10.9,5.0,973,0.995
2022-03-12 08:09:27,972,1.02,593214.75,261.1,398.5,4.13,236.0,4.14,50.01,10.9,4.7,977,0.995
2022-03-12 08:09:37,973,1.02,593214.75,264.0,398.8,4.08,235.9,4.15,50.01,10.9,5.3,978,0.995
2022-03-12 08:09:47,982,1.02,593214.75,262.5,397.0,4.14,235.2,4.20,50.02,11.0,4.6,987,0.995
2022-03-12 08:09:57,987,1.02,593214.75,263.9,397.6,4.13,235.3,4.22,50.02,11.0,4.5,992,0.995
2022-03-12 08:10:07,989,1.02,593214.75,264.4,398.0,4.13,235.3,4.23,50.01,11.0,4.8,994,0.995
2022-03-12 08:10:17,994,1.02,593214.75,260.9,397.2,4.21,235.1,4.25,50.02,11.0,4.3,999,0.995
2022-03-12 08:10:27,998,1.02,593214.75,265.5,398.1,4.15,234.7,4.28,50.01,11.1,4.8,1003,0.995
2022-03-12 08:10:37,1000,1.02,593214.75,260.8,399.2,4.23,236.0,4.26,50.02,11.1,4.9,1005,0.995
2022-03-12 08:10:47,1001,1.02,593214.75,267.1,398.0,4.13,235.3,4.28,50.02,11.1,4.6,1006,0.995
2022-03-12 08:10:57,1006,1.02,593214.75,262.0,397.7,4.24,235.0,4.30,50.02,11.1,4.7,1011,0.995
2022-03-12 08:11:08,1010,1.02,593214.75,263.2,399.2,4.24,236.5,4.29,50.02,11.2,4.6,1015,0.995
2022-03-12 08:11:18,1011,1.02,593214.75,262.6,396.8,4.25,234.9,4.33,50.02,11.2,4.6,1016,0.995
2022-03-12 08:11:28,1016,1.02,593214.75,264.0,397.5,4.24,234.5,4.35,50.02,11.3,4.9,1021,0.995
2022-03-12 08:11:38,1018,1.02,593214.75,264.5,399.0,4.24,236.0,4.34,50.03,11.3,5.0,1024,0.995
2022-03-12 08:11:48,1024,1.02,593214.75,262.4,397.5,4.30,235.5,4.37,50.03,11.3,5.2,1029,0.995
2022-03-12 08:11:58,1029,1.02,593214.75,264.5,398.8,4.28,235.6,4.39,50.03,11.4,4.5,1034,0.996
2022-03-12 08:12:08,1030,1.02,593214.75,263.1,399.7,4.31,236.8,4.37,50.03,11.4,4.6,1035,0.995
2022-03-12 08:12:18,1033,1.02,593214.75,262.9,397.8,4.33,235.0,4.42,50.03,11.4,4.3,1038,0.995
2022-03-12 08:12:28,1039,1.02,593214.75,264.0,398.1,4.33,235.9,4.43,50.03,11.5,4.5,1044,0.995
2022-03-12 08:12:38,1039,1.09,593214.81,262.5,399.5,4.36,236.2,4.42,50.03,11.5,4.7,1043,0.995
2022-03-12 08:12:48,1043,1.09,593214.81,263.6,399.3,4.35,236.0,4.44,50.02,11.6,5.1,1047,0.996
2022-03-12 08:12:58,1047,1.09,593214.81,262.1,398.3,4.40,235.6,4.47,50.02,11.6,5.2,1052,0.996
2022-03-12 08:13:09,1047,1.09,593214.81,263.6,399.3,4.37,236.6,4.45,50.03,11.6,5.2,1052,0.995
2022-03-12 08:13:19,1050,1.09,593214.81,261.3,398.2,4.42,235.4,4.48,50.02,11.7,4.7,1055,0.996
2022-03-12 08:13:29,1053,1.09,593214.81,265.1,397.2,4.36,235.0,4.50,50.03,11.7,5.2,1058,0.996
2022-03-12 08:13:39,1058,1.09,593214.81,261.7,398.4,4.44,235.8,4.51,50.03,11.7,4.7,1062,0.995
2022-03-12 08:13:49,1063,1.09,593214.81,263.3,399.4,4.43,236.1,4.52,50.02,11.7,5.0,1067,0.996
2022-03-12 08:13:59,1062,1.09,593214.81,260.0,399.2,4.48,235.9,4.52,50.04,11.8,5.0,1066,0.996
2022-03-12 08:14:09,1068,1.09,593214.81,264.9,398.4,4.42,236.1,4.55,50.03,11.8,5.1,1073,0.995
2022-03-12 08:14:19,1069,1.09,593214.81,261.0,398.9,4.50,235.7,4.56,50.03,11.9,4.8,1074,0.996
2022-03-12 08:14:29,1075,1.09,593214.81,263.3,399.5,4.48,236.4,4.57,50.03,11.9,5.5,1080,0.996
2022-03-12 08:14:39,1076,1.09,593214.81,263.7,398.0,4.47,235.6,4.59,50.02,11.9,5.3,1081,0.995
2022-03-12 08:14:49,1076,1.09,593214.81,263.7,399.2,4.47,236.3,4.58,50.02,11.9,5.3,1081,0.996
2022-03-12 08:14:59,1079,1.09,593214.81,261.8,399.3,4.52,236.3,4.59,50.03,12.0,5.1,1083,0.996
2022-03-12 08:15:09,1083,1.09,593214.81,262.8,401.8,4.52,238.2,4.57,50.02,12.0,5.0,1089,0.995
2022-03-12 08:15:19,1083,1.09,593214.81,260.4,399.3,4.56,236.6,4.60,49.99,12.0,5.7,1088,0.996
2022-03-12 08:15:30,1084,1.09,593214.81,260.4,400.3,4.57,237.2,4.59,49.98,12.1,5.7,1089,0.996
2022-03-12 08:15:40,1085,1.09,593214.81,259.8,400.4,4.58,237.6,4.59,49.97,12.1,5.0,1090,0.995
2022-03-12 08:15:50,1091,1.09,593214.81,259.6,399.0,4.60,236.4,4.64,49.99,12.1,4.8,1095,0.996
2022-03-12 08:16:00,1094,1.09,593214.81,263.7,398.2,4.54,236.0,4.66,49.98,12.2,5.0,1099,0.996
2022-03-12 08:16:10,1096,1.09,593214.81,263.2,400.7,4.56,237.6,4.64,49.99,12.2,5.2,1101,0.996
2022-03-12 08:16:20,1101,1.15,593214.88,262.6,400.3,4.59,237.5,4.66,49.98,12.2,5.1,1106,0.995
2022-03-12 08:16:30,1104,1.15,593214.88,262.6,402.3,4.61,238.4,4.65,49.99,12.3,4.7,1109,0.995
2022-03-12 08:16:40,1105,1.15,593214.88,261.1,401.1,4.64,237.7,4.67,50.00,12.3,5.0,1110,0.995
2022-03-12 08:16:50,1110,1.15,593214.88,260.1,401.4,4.67,237.9,4.69,50.01,12.3,4.8,1114,0.996
2022-03-12 08:17:00,1112,1.15,593214.88,264.3,399.9,4.60,236.7,4.72,50.02,12.4,5.0,1116,0.996
2022-03-12 08:17:10,1110,1.15,593214.88,259.6,399.3,4.68,236.6,4.71,50.01,12.4,5.1,1115,0.996
2022-03-12 08:17:20,1116,1.15,593214.88,263.3,400.5,4.64,237.6,4.72,50.00,12.5,4.8,1121,0.996
2022-03-12 08:17:30,1119,1.15,593214.88,263.3,403.0,4.66,239.2,4.70,50.01,12.5,4.8,1124,0.995
2022-03-12 08:17:41,1121,1.15,593214.88,260.6,401.3,4.70,238.0,4.73,50.01,12.5,5.4,1126,0.996
2022-03-12 08:17:51,1116,1.15,593214.88,257.9,402.9,4.74,239.1,4.69,50.00,12.5,5.3,1121,0.995
2022-03-12 08:18:01,1126,1.15,593214.88,264.8,399.8,4.64,237.0,4.77,50.01,12.6,5.2,1131,0.996
2022-03-12 08:18:11,1126,1.15,593214.88,263.0,400.6,4.68,237.4,4.77,50.01,12.6,5.1,1131,0.996
2022-03-12 08:18:21,1129,1.15,593214.88,260.3,399.8,4.73,237.1,4.78,50.00,12.6,4.8,1134,0.996
2022-03-12 08:18:31,1130,1.15,593214.88,264.0,400.2,4.68,237.6,4.78,50.01,12.6,4.9,1135,0.996
2022-03-12 08:18:41,1133,1.15,593214.88,265.1,400.7,4.67,237.6,4.79,50.02,12.7,4.9,1138,0.995
2022-03-12 08:18:51,1136,1.15,593214.88,259.1,400.5,4.78,237.2,4.81,50.01,12.7,5.0,1141,0.995
2022-03-12 08:19:01,1142,1.15,593214.88,264.2,399.7,4.71,236.6,4.85,50.02,12.8,5.3,1147,0.995
2022-03-12 08:19:11,1141,1.15,593214.88,259.8,400.5,4.79,237.6,4.83,50.01,12.8,5.4,1146,0.995
2022-03-12 08:19:21,1143,1.15,593214.88,262.7,402.5,4.75,238.7,4.81,50.02,12.8,5.1,1149,0.995
2022-03-12 08:19:31,1148,1.15,593214.88,261.4,402.1,4.80,238.8,4.83,50.01,12.9,4.6,1153,0.995
2022-03-12 08:19:41,1143,1.22,593214.94,257.5,401.4,4.84,238.5,4.81,50.00,12.9,5.2,1148,0.995
2022-03-12 08:19:51,1143,1.22,593214.94,262.5,403.9,4.76,239.4,4.80,50.01,13.0,5.1,1148,0.995
2022-03-12 08:20:02,1131,1.22,593214.94,267.0,401.4,4.63,237.9,4.78,50.00,12.9,5.6,1136,0.995
2022-03-12 08:20:12,1124,1.22,593214.94,257.1,402.3,4.79,239.0,4.73,50.01,13.0,5.6,1130,0.995
2022-03-12 08:20:22,1123,1.22,593214.94,263.2,401.9,4.67,238.2,4.74,50.01,13.0,4.8,1129,0.995
2022-03-12 08:20:32,1122,1.22,593214.94,263.1,402.3,4.67,239.0,4.72,49.99,13.0,5.0,1128,0.995
2022-03-12 08:20:42,1136,1.22,593214.94,261.4,401.9,4.75,238.2,4.79,49.99,13.1,4.7,1141,0.995
2022-03-12 08:20:52,1139,1.22,593214.94,257.1,403.3,4.84,239.0,4.79,49.99,13.1,4.7,1145,0.995
2022-03-12 08:21:02,1145,1.22,593214.94,256.7,402.9,4.87,238.8,4.82,50.00,13.1,5.0,1151,0.995
2022-03-12 08:21:12,1152,1.22,593214.94,261.8,406.1,4.81,241.1,4.80,50.00,13.1,4.7,1158,0.995
2022-03-12 08:21:22,1152,1.22,593214.94,266.3,406.2,4.72,242.1,4.78,49.99,13.2,4.8,1157,0.995
2022-03-12 08:21:32,1171,1.22,593214.94,261.4,407.1,4.89,242.2,4.86,49.99,13.2,4.9,1176,0.995
2022-03-12 08:21:42,1179,1.22,593214.94,260.5,406.5,4.94,242.3,4.89,50.00,13.2,5.0,1185,0.995
2022-03-12 08:21:52,1165,1.22,593214.94,254.1,409.5,5.01,243.6,4.81,50.01,13.2,4.6,1170,0.995
2022-03-12 08:22:02,1183,1.22,593214.94,263.1,408.7,4.90,242.8,4.90,50.01,13.3,4.7,1188,0.995
2022-03-12 08:22:12,1190,1.22,593214.94,261.8,408.5,4.96,243.1,4.92,50.00,13.3,4.4,1195,0.996
2022-03-12 08:22:22,1192,1.22,593214.94,260.8,408.7,4.99,243.1,4.93,49.98,13.4,4.9,1198,0.995
2022-03-12 08:22:32,1185,1.22,593214.94,258.5,407.9,5.00,243.2,4.90,49.99,13.4,5.0,1190,0.995
2022-03-12 08:22:42,1187,1.22,593214.94,261.0,407.8,4.97,243.3,4.90,50.00,13.4,4.8,1193,0.996
2022-03-12 08:22:52,1194,1.22,593214.94,261.3,410.1,4.99,244.3,4.91,49.99,13.5,5.3,1200,0.995
2022-03-12 08:23:02,1203,1.28,593215.00,262.4,409.0,5.00,244.3,4.95,49.99,13.5,4.9,1208,0.995
2022-03-12 08:23:13,1205,1.28,593215.00,262.3,409.2,5.01,243.4,4.97,50.00,13.5,5.1,1210,0.996
2022-03-12 08:23:23,1206,1.28,593215.00,258.9,408.9,5.08,243.4,4.98,50.00,13.6,4.8,1211,0.996
2022-03-12 08:23:33,1203,1.28,593215.00,256.6,410.6,5.12,244.4,4.95,49.99,13.6,4.8,1209,0.995
2022-03-12 08:23:43,1214,1.28,593215.00,262.2,407.1,5.04,242.8,5.02,49.99,13.6,5.0,1219,0.996
2022-03-12 08:23:53,1212,1.28,593215.00,265.0,408.6,4.99,242.2,5.03,49.99,13.7,4.8,1218,0.996
2022-03-12 08:24:03,1212,1.28,593215.00,266.9,405.6,4.94,241.9,5.04,50.00,13.7,5.0,1218,0.996
2022-03-12 08:24:13,1218,1.28,593215.00,260.8,406.5,5.09,241.6,5.07,49.99,13.7,5.3,1223,0.996
2022-03-12 08:24:23,1217,1.28,593215.00,257.1,405.9,5.15,240.8,5.08,50.01,13.8,5.4,1222,0.996
2022-03-12 08:24:33,1225,1.28,593215.00,263.9,407.1,5.05,241.9,5.09,50.02,13.8,4.7,1231,0.996
2022-03-12 08:24:43,1228,1.28,593215.00,261.4,405.2,5.11,241.0,5.12,50.01,13.8,4.8,1234,0.996
2022-03-12 08:24:53,1220,1.28,593215.00,257.3,405.9,5.16,240.8,5.09,50.00,13.8,4.8,1225,0.996
2022-03-12 08:25:03,1220,1.28,593215.00,262.3,406.6,5.07,242.1,5.07,50.00,13.9,5.3,1226,0.996
2022-03-12 08:25:13,1222,1.28,593215.00,263.1,405.6,5.05,241.1,5.09,50.01,14.0,4.8,1227,0.996
2022-03-12 08:25:23,1221,1.28,593215.00,257.1,404.7,5.16,240.4,5.10,50.01,14.0,5.0,1226,0.996
2022-03-12 08:25:33,1231,1.28,593215.00,263.5,407.1,5.08,241.7,5.12,50.00,14.0,5.2,1236,0.996
2022-03-12 08:25:43,1233,1.28,593215.00,263.0,407.9,5.10,242.8,5.10,50.01,14.0,5.2,1238,0.996
2022-03-12 08:25:53,1239,1.28,593215.00,260.1,408.1,5.18,242.8,5.13,50.02,14.1,5.4,1244,0.996
2022-03-12 08:26:03,1242,1.28,593215.00,262.0,407.8,5.16,243.2,5.13,50.02,14.1,4.8,1247,0.996
2022-03-12 08:26:13,1243,1.34,593215.06,259.4,408.0,5.22,242.6,5.15,50.03,14.1,4.8,1248,0.996
2022-03-12 08:26:23,1246,1.34,593215.06,261.9,405.3,5.17,240.9,5.20,50.01,14.1,5.2,1251,0.996
2022-03-12 08:26:34,1246,1.34,593215.06,262.5,407.7,5.16,242.3,5.17,50.00,14.2,5.1,1251,0.996
2022-03-12 08:26:44,1245,1.34,593215.06,257.4,405.6,5.25,241.0,5.19,50.01,14.3,4.8,1250,0.996
2022-03-12 08:26:54,1253,1.34,593215.06,261.5,407.2,5.21,241.8,5.21,50.01,14.3,4.8,1258,0.996
2022-03-12 08:27:04,1239,1.34,593215.06,262.0,407.5,5.14,242.5,5.13,50.01,14.3,4.7,1244,0.996
2022-03-12 08:27:14,1168,1.34,593215.06,257.3,405.7,4.96,241.1,4.87,50.00,14.3,5.0,1173,0.996
2022-03-12 08:27:24,1080,1.34,593215.06,260.8,405.1,4.56,241.0,4.50,50.01,14.4,4.6,1085,0.995
2022-03-12 08:27:34,1038,1.34,593215.06,263.4,404.1,4.35,239.6,4.36,50.01,14.4,4.8,1043,0.995
2022-03-12 08:27:44,1047,1.34,593215.06,254.4,404.3,4.53,239.7,4.39,50.03,14.4,4.5,1052,0.995
2022-03-12 08:27:54,1090,1.34,593215.06,260.9,405.2,4.58,240.8,4.55,50.02,14.3,4.6,1095,0.995
2022-03-12 08:28:04,1062,1.34,593215.06,254.8,402.0,4.58,238.1,4.48,50.02,14.3,4.7,1067,0.995
2022-03-12 08:28:14,1042,1.34,593215.06,259.9,396.7,4.41,234.0,4.48,50.01,14.3,4.8,1047,0.996
2022-03-12 08:28:24,1064,1.34,593215.06,260.4,395.8,4.48,234.1,4.57,50.01,14.3,4.8,1069,0.996
2022-03-12 08:28:34,1047,1.34,593215.06,256.2,396.2,4.49,234.2,4.50,50.01,14.3,4.7,1052,0.995
2022-03-12 08:28:44,1083,1.34,593215.06,261.8,396.2,4.53,234.5,4.64,50.00,14.2,4.6,1088,0.996
2022-03-12 08:28:54,1145,1.34,593215.06,261.2,395.3,4.78,233.4,4.92,50.01,14.3,5.0,1149,0.996
2022-03-12 08:29:04,1209,1.34,593215.06,255.1,396.9,5.14,234.6,5.17,50.02,14.3,4.8,1213,0.996
2022-03-12 08:29:15,1250,1.34,593215.06,260.8,398.5,5.19,235.8,5.32,50.01,14.3,4.7,1254,0.996
2022-03-12 08:29:25,1236,1.41,593215.12,259.9,397.1,5.15,234.8,5.29,50.01,14.3,5.0,1240,0.996
2022-03-12 08:29:35,1233,1.41,593215.12,262.8,398.1,5.09,235.6,5.26,50.01,14.4,4.8,1238,0.996
2022-03-12 08:29:45,1265,1.41,593215.12,262.5,399.5,5.21,236.4,5.37,50.02,14.4,4.9,1269,0.996
2022-03-12 08:29:55,1296,1.41,593215.12,255.2,400.7,5.48,237.0,5.49,50.01,14.5,4.9,1301,0.997
2022-03-12 08:30:05,1327,1.41,593215.12,263.9,396.7,5.43,234.9,5.67,50.01,14.5,5.0,1332,0.997
2022-03-12 08:30:15,1349,1.41,593215.12,260.4,397.8,5.59,235.4,5.75,50.02,14.5,4.9,1353,0.997
2022-03-12 08:30:25,1360,1.41,593215.12,263.2,399.8,5.57,236.7,5.76,50.03,14.6,4.9,1364,0.997
2022-03-12 08:30:35,1365,1.41,593215.12,264.1,401.1,5.57,237.6,5.77,50.02,14.7,4.5,1370,0.997
2022-03-12 08:30:45,1368,1.41,593215.12,259.5,401.5,5.68,238.7,5.75,50.02,14.7,5.0,1372,0.997
2022-03-12 08:30:55,1369,1.41,593215.12,261.4,405.1,5.65,240.3,5.72,50.01,14.8,5.0,1373,0.997
2022-03-12 08:31:05,1373,1.41,593215.12,259.7,405.5,5.70,240.4,5.73,50.01,14.9,4.9,1378,0.997
2022-03-12 08:31:15,1375,1.41,593215.12,263.7,403.4,5.62,239.1,5.77,50.00,14.9,4.9,1380,0.997
2022-03-12 08:31:26,1384,1.41,593215.12,264.1,403.6,5.64,239.8,5.79,50.02,15.0,5.2,1388,0.997
2022-03-12 08:31:36,1383,1.41,593215.12,258.7,405.9,5.76,240.7,5.77,50.02,15.1,5.0,1387,0.997
2022-03-12 08:31:46,1380,1.41,593215.12,262.4,404.5,5.67,240.0,5.77,50.03,15.1,5.0,1385,0.997
2022-03-12 08:31:56,1377,1.41,593215.12,259.5,410.5,5.74,244.1,5.66,50.03,15.1,5.2,1382,0.996
2022-03-12 08:32:06,1374,1.41,593215.12,261.7,410.1,5.67,244.1,5.65,50.02,15.2,5.0,1379,0.997
2022-03-12 08:32:16,1375,1.47,593215.19,260.0,410.6,5.72,244.4,5.65,50.01,15.3,5.3,1380,0.997
2022-03-12 08:32:26,1373,1.47,593215.19,256.6,410.4,5.78,243.9,5.65,50.02,15.3,5.1,1378,0.996
2022-03-12 08:32:36,1386,1.47,593215.19,261.2,410.0,5.73,243.8,5.71,50.01,15.4,5.0,1391,0.997
2022-03-12 08:32:46,1390,1.47,593215.19,257.7,410.6,5.82,244.5,5.71,50.02,15.4,5.4,1395,0.997
2022-03-12 08:32:56,1391,1.47,593215.19,263.8,410.9,5.70,244.4,5.72,50.03,15.5,5.2,1396,0.997
2022-03-12 08:33:06,1389,1.47,593215.19,259.1,409.8,5.79,243.7,5.72,50.02,15.5,5.3,1394,0.997
2022-03-12 08:33:16,1390,1.47,593215.19,262.0,409.8,5.73,243.6,5.72,50.02,15.5,5.0,1394,0.997
2022-03-12 08:33:26,1382,1.47,593215.19,258.7,408.6,5.77,242.9,5.71,50.01,15.5,4.8,1387,0.997
2022-03-12 08:33:37,1371,1.47,593215.19,257.0,409.4,5.77,243.6,5.65,50.02,15.6,5.3,1376,0.997
2022-03-12 08:33:47,1366,1.47,593215.19,263.3,408.8,5.60,243.3,5.64,50.01,15.6,5.1,1370,0.997
2022-03-12 08:33:57,1355,1.47,593215.19,258.2,409.0,5.67,243.1,5.59,50.01,15.7,5.4,1359,0.997
2022-03-12 08:34:07,1346,1.47,593215.19,260.0,408.6,5.60,243.1,5.56,50.02,15.7,5.1,1351,0.997
2022-03-12 08:34:17,1339,1.47,593215.19,259.6,408.2,5.58,242.8,5.54,50.01,15.7,5.0,1344,0.997
2022-03-12 08:34:27,1340,1.47,593215.19,256.3,408.5,5.65,243.3,5.53,50.02,15.7,5.3,1345,0.997
2022-03-12 08:34:37,1363,1.47,593215.19,263.4,409.5,5.59,243.6,5.62,50.02,14.2,5.0,1368,0.997
2022-03-12 08:34:47,1363,1.47,593215.19,253.5,408.8,5.81,243.6,5.62,50.03,14.3,5.4,1367,0.997
2022-03-12 08:34:57,1381,1.47,593215.19,260.4,409.1,5.73,243.4,5.70,50.03,14.2,5.1,1386,0.997
2022-03-12 08:35:07,1387,1.54,593215.25,261.0,409.1,5.74,243.4,5.72,50.02,14.2,5.2,1392,0.997
2022-03-12 08:35:17,1395,1.54,593215.25,261.1,408.5,5.76,243.5,5.75,50.01,14.3,5.2,1400,0.997
2022-03-12 08:35:27,1396,1.54,593215.25,257.7,409.1,5.85,243.3,5.76,50.00,14.2,5.0,1400,0.997
2022-03-12 08:35:37,1399,1.54,593215.25,255.0,408.9,5.92,243.1,5.78,50.00,14.3,4.9,1404,0.997
2022-03-12 08:35:48,1411,1.54,593215.25,261.2,408.7,5.83,243.3,5.82,50.01,14.3,5.2,1415,0.997
2022-03-12 08:35:58,1415,1.54,593215.25,261.8,410.2,5.83,244.0,5.82,50.01,14.2,4.8,1419,0.997
2022-03-12 08:36:08,1403,1.54,593215.25,254.2,409.0,5.95,243.9,5.77,50.01,14.3,5.0,1407,0.997
2022-03-12 08:36:18,1412,1.54,593215.25,261.9,410.5,5.81,244.2,5.80,50.02,14.4,4.8,1416,0.997
2022-03-12 08:36:28,1399,1.54,593215.25,257.2,410.5,5.87,244.2,5.75,50.03,14.4,4.9,1404,0.997
2022-03-12 08:36:38,1393,1.54,593215.25,261.4,409.7,5.75,243.7,5.74,50.02,14.6,5.2,1398,0.997
2022-03-12 08:36:48,1390,1.54,593215.25,257.8,410.3,5.83,244.0,5.72,50.02,14.6,5.0,1394,0.997
2022-03-12 08:36:58,1397,1.54,593215.25,259.8,409.9,5.81,244.1,5.74,50.03,14.5,5.5,1401,0.997
2022-03-12 08:37:08,1393,1.54,593215.25,258.5,409.5,5.82,243.7,5.73,50.02,14.5,5.1,1397,0.997
2022-03-12 08:37:18,1391,1.54,593215.25,261.7,409.8,5.74,243.9,5.72,50.01,14.6,5.1,1396,0.997
2022-03-12 08:37:28,1395,1.54,593215.25,261.1,409.3,5.76,243.7,5.74,50.00,14.6,5.3,1399,0.997
2022-03-12 08:37:38,1405,1.54,593215.25,258.4,411.2,5.87,244.5,5.77,50.02,14.7,5.1,1409,0.997
2022-03-12 08:37:48,1415,1.60,593215.31,259.8,410.2,5.88,244.3,5.81,50.03,14.7,5.1,1419,0.997
2022-03-12 08:37:58,1419,1.60,593215.31,258.5,409.8,5.92,244.1,5.83,50.02,14.7,5.1,1424,0.997
2022-03-12 08:38:09,1430,1.60,593215.31,263.0,410.4,5.86,244.2,5.88,50.03,14.7,5.3,1434,0.997
2022-03-12 08:38:19,1437,1.60,593215.31,257.9,410.9,6.01,245.1,5.88,50.02,14.7,5.2,1441,0.997
2022-03-12 08:38:29,1437,1.60,593215.31,263.7,411.0,5.88,244.9,5.89,50.03,14.7,5.3,1441,0.997
2022-03-12 08:38:39,1438,1.60,593215.31,259.1,409.9,5.99,244.6,5.90,50.03,14.7,5.2,1442,0.997
2022-03-12 08:38:49,1429,1.60,593215.31,263.1,410.6,5.86,244.2,5.87,50.03,14.8,5.2,1433,0.997
2022-03-12 08:38:59,1411,1.60,593215.31,257.8,410.2,5.91,244.1,5.80,50.03,14.8,5.0,1415,0.997
2022-03-12 08:39:09,1395,1.60,593215.31,260.2,410.9,5.80,244.5,5.73,50.03,14.9,5.1,1400,0.997
2022-03-12 08:39:19,1376,1.60,593215.31,255.8,410.6,5.81,244.0,5.66,50.02,14.8,5.4,1381,0.996
2022-03-12 08:39:29,1368,1.60,593215.31,259.9,405.3,5.68,241.2,5.69,50.02,14.9,5.0,1373,0.997
2022-03-12 08:39:39,1378,1.60,593215.31,259.0,405.8,5.75,240.4,5.75,50.03,14.9,5.1,1382,0.997
2022-03-12 08:39:49,1399,1.60,593215.31,261.2,407.9,5.78,242.7,5.78,50.03,14.9,5.0,1403,0.997
2022-03-12 08:39:59,1417,1.60,593215.31,256.7,408.8,5.95,243.1,5.85,50.03,14.9,5.2,1422,0.997
2022-03-12 08:40:09,1428,1.60,593215.31,262.6,408.1,5.86,242.6,5.91,50.03,15.0,5.0,1433,0.997
2022-03-12 08:40:19,1444,1.60,593215.31,257.1,409.0,6.05,243.4,5.96,50.03,15.0,5.3,1449,0.997
2022-03-12 08:40:29,1451,1.60,593215.31,260.2,408.7,6.01,243.0,5.99,50.03,15.1,5.2,1455,0.997
2022-03-12 08:40:40,1448,1.66,593215.38,260.9,407.9,5.98,242.6,5.99,50.03,15.1,5.4,1453,0.997
2022-03-12 08:40:50,1441,1.66,593215.38,261.6,408.8,5.93,243.0,5.95,50.02,15.1,5.1,1445,0.997
2022-03-12 08:41:00,1438,1.66,593215.38,255.4,408.0,6.06,242.9,5.94,50.02,15.0,5.2,1443,0.997
2022-03-12 08:41:10,1451,1.66,593215.38,261.2,408.3,5.98,242.9,5.99,50.03,15.1,5.2,1455,0.997
2022-03-12 08:41:20,1462,1.66,593215.38,255.0,409.5,6.17,243.6,6.02,50.02,15.2,5.1,1467,0.997
2022-03-12 08:41:30,1485,1.66,593215.38,262.3,409.2,6.08,243.6,6.12,50.03,15.2,5.1,1489,0.997
2022-03-12 08:41:40,1499,1.66,593215.38,257.4,407.9,6.26,242.7,6.19,50.02,15.3,5.2,1503,0.997
2022-03-12 08:41:50,1507,1.66,593215.38,262.2,407.1,6.17,242.3,6.24,50.03,15.4,5.3,1511,0.997
2022-03-12 08:42:00,1507,1.66,593215.38,256.3,408.2,6.31,242.6,6.23,50.03,15.3,5.3,1511,0.997
2022-03-12 08:42:10,1508,1.66,593215.38,261.4,407.2,6.19,242.2,6.25,50.03,15.4,5.4,1512,0.997
2022-03-12 08:42:20,1506,1.66,593215.38,257.5,407.7,6.29,242.9,6.22,50.02,15.4,5.5,1510,0.997
2022-03-12 08:42:31,1509,1.66,593215.38,259.8,408.3,6.23,242.3,6.25,50.02,15.5,5.2,1513,0.997
2022-03-12 08:42:41,1510,1.66,593215.38,255.4,408.4,6.35,242.8,6.24,50.02,15.5,5.2,1514,0.997
2022-03-12 08:42:51,1513,1.66,593215.38,262.0,409.1,6.20,243.1,6.24,50.03,15.6,5.3,1517,0.997
2022-03-12 08:43:01,1504,1.66,593215.38,252.8,408.6,6.39,242.9,6.21,50.04,15.6,5.4,1508,0.997
2022-03-12 08:43:11,1518,1.73,593215.44,262.5,409.1,6.20,243.2,6.26,50.03,15.6,4.9,1522,0.997
2022-03-12 08:43:21,1517,1.73,593215.44,257.3,407.9,6.33,242.1,6.28,50.01,15.6,5.2,1521,0.997
2022-03-12 08:43:31,1522,1.73,593215.44,260.1,408.4,6.28,242.9,6.29,50.01,15.6,5.1,1526,0.997
2022-03-12 08:43:41,1520,1.73,593215.44,255.3,407.6,6.39,242.3,6.29,50.03,15.7,5.2,1525,0.997
2022-03-12 08:43:51,1524,1.73,593215.44,262.1,407.7,6.24,242.2,6.31,50.02,15.7,5.6,1528,0.997
2022-03-12 08:44:01,1506,1.73,593215.44,253.3,405.7,6.39,241.6,6.25,50.02,15.7,5.1,1510,0.997
2022-03-12 08:44:11,1517,1.73,593215.44,259.5,406.9,6.28,241.8,6.29,50.02,15.8,5.2,1521,0.997
2022-03-12 08:44:21,1524,1.73,593215.44,257.3,407.2,6.36,241.9,6.32,50.02,15.8,5.4,1528,0.997
2022-03-12 08:44:32,1514,1.73,593215.44,261.8,408.1,6.22,242.3,6.27,50.02,15.8,5.1,1519,0.997
2022-03-12 08:44:42,1522,1.73,593215.44,257.9,410.9,6.35,244.7,6.24,50.02,15.9,5.1,1526,0.997
2022-03-12 08:44:52,1528,1.73,593215.44,260.6,412.0,6.30,245.9,6.23,50.03,15.9,5.1,1532,0.997
2022-03-12 08:45:02,1533,1.73,593215.44,258.5,412.8,6.38,245.2,6.27,50.02,15.9,5.3,1537,0.997
2022-03-12 08:45:12,1531,1.73,593215.44,254.5,411.8,6.46,245.9,6.25,50.03,16.0,5.5,1536,0.997
2022-03-12 08:45:22,1542,1.73,593215.44,259.0,411.7,6.39,244.9,6.32,50.02,16.0,5.3,1546,0.997
2022-03-12 08:45:32,1535,1.73,593215.44,254.1,412.2,6.49,245.6,6.27,50.02,16.0,5.4,1539,0.997
2022-03-12 08:45:42,1533,1.79,593215.50,262.2,411.6,6.28,243.9,6.31,50.01,16.1,5.1,1537,0.997
2022-03-12 08:45:52,1527,1.79,593215.50,254.3,411.4,6.46,245.2,6.25,50.02,16.1,5.5,1531,0.997
2022-03-12 08:46:02,1535,1.79,593215.50,261.9,409.7,6.30,243.7,6.32,50.03,16.1,5.6,1539,0.997
2022-03-12 08:46:12,1536,1.79,593215.50,256.9,409.6,6.43,244.4,6.30,50.03,16.1,5.3,1540,0.997
2022-03-12 08:46:22,1543,1.79,593215.50,259.0,410.5,6.40,244.2,6.34,50.02,16.2,5.6,1547,0.997
2022-03-12 08:46:32,1551,1.79,593215.50,257.5,409.5,6.47,244.5,6.36,50.02,16.2,5.4,1555,0.997
2022-03-12 08:46:42,1547,1.79,593215.50,260.7,409.7,6.37,242.6,6.40,50.03,16.2,5.2,1551,0.997
2022-03-12 08:46:54,1542,1.79,593215.50,257.0,408.4,6.44,243.4,6.35,50.03,16.3,5.5,1546,0.997
2022-03-12 08:47:04,1543,1.79,593215.50,261.2,408.0,6.34,243.0,6.37,50.03,16.3,5.1,1547,0.997
2022-03-12 08:47:14,1551,1.79,593215.50,255.7,410.1,6.51,244.0,6.38,50.03,16.4,5.3,1555,0.997
2022-03-12 08:47:24,1555,1.79,593215.50,262.6,409.0,6.35,243.3,6.41,50.03,16.4,5.2,1559,0.997
2022-03-12 08:47:35,1555,1.79,593215.50,253.4,411.6,6.59,244.9,6.37,50.02,16.4,5.4,1559,0.997
2022-03-12 08:47:45,1560,1.79,593215.50,264.5,408.9,6.32,244.4,6.40,50.03,16.4,5.1,1564,0.997
2022-03-12 08:47:55,1563,1.79,593215.50,254.7,410.1,6.58,244.2,6.42,50.02,16.5,5.2,1567,0.997
2022-03-12 08:48:05,1568,1.79,593215.50,258.9,409.1,6.49,243.2,6.47,50.03,16.5,4.9,1572,0.997
2022-03-12 08:48:15,1573,1.86,593215.56,260.3,411.0,6.48,245.1,6.44,50.03,16.5,5.3,1577,0.997
2022-03-12 08:48:25,1570,1.86,593215.56,257.3,409.0,6.55,243.4,6.47,50.03,16.6,5.4,1574,0.998
2022-03-12 08:48:35,1579,1.86,593215.56,260.6,410.7,6.50,244.6,6.47,50.03,16.5,5.2,1583,0.998
2022-03-12 08:48:45,1582,1.86,593215.56,256.2,409.4,6.62,244.4,6.49,50.03,16.6,5.3,1586,0.997
2022-03-12 08:48:55,1585,1.86,593215.56,260.6,410.6,6.52,244.7,6.50,50.03,16.6,5.4,1589,0.997
2022-03-12 08:49:05,1586,1.86,593215.56,255.1,409.4,6.66,243.9,6.52,50.03,16.6,5.2,1590,0.997
2022-03-12 08:49:16,1593,1.86,593215.56,260.1,410.6,6.57,244.4,6.54,50.03,16.7,5.5,1597,0.998
2022-03-12 08:49:26,1589,1.86,593215.56,255.7,411.3,6.66,244.7,6.51,50.02,16.7,5.4,1593,0.998
2022-03-12 08:49:36,1590,1.86,593215.56,259.2,411.4,6.58,245.3,6.50,50.02,16.8,5.6,1594,0.998
2022-03-12 08:49:46,1594,1.86,593215.56,255.9,411.0,6.68,244.6,6.53,50.03,16.7,5.3,1597,0.998
2022-03-12 08:49:56,1601,1.86,593215.56,260.9,411.5,6.58,245.4,6.54,50.03,16.8,5.8,1605,0.998
2022-03-12 08:50:06,1603,1.86,593215.56,256.6,410.4,6.69,244.7,6.57,50.03,16.8,6.0,1607,0.998
2022-03-12 08:50:16,1607,1.86,593215.56,259.1,411.2,6.64,244.5,6.59,50.02,16.8,5.3,1611,0.998
2022-03-12 08:50:26,1605,1.86,593215.56,254.0,409.7,6.77,243.9,6.60,50.02,16.8,5.8,1608,0.998
2022-03-12 08:50:36,1605,1.92,593215.62,262.1,410.1,6.57,244.0,6.60,50.03,16.8,5.2,1609,0.998
2022-03-12 08:50:46,1606,1.92,593215.62,254.3,409.7,6.76,243.9,6.60,50.02,16.8,5.3,1610,0.997
2022-03-12 08:50:56,1611,1.92,593215.62,258.7,410.3,6.67,244.2,6.62,50.02,16.9,5.5,1615,0.998
2022-03-12 08:51:06,1604,1.92,593215.62,257.6,409.4,6.68,243.9,6.60,50.01,16.9,5.3,1608,0.998
2022-03-12 08:51:16,1609,1.92,593215.62,259.3,409.8,6.65,244.0,6.61,50.01,17.0,5.3,1613,0.998
2022-03-12 08:51:26,1610,1.92,593215.62,263.1,410.1,6.55,244.4,6.61,50.02,17.1,5.1,1614,0.998
2022-03-12 08:51:37,1607,1.92,593215.62,253.7,409.6,6.78,244.2,6.60,50.03,17.1,5.7,1611,0.998
2022-03-12 08:51:47,1616,1.92,593215.62,261.1,411.6,6.62,244.9,6.62,50.03,17.1,5.4,1620,0.998
2022-03-12 08:51:57,1621,1.92,593215.62,255.3,410.7,6.80,244.6,6.65,50.04,17.2,5.5,1625,0.998
2022-03-12 08:52:07,1624,1.92,593215.62,259.9,410.7,6.70,244.4,6.67,50.04,17.1,5.3,1628,0.998
2022-03-12 08:52:17,1627,1.92,593215.62,261.3,410.6,6.68,244.5,6.67,50.04,17.1,5.2,1631,0.998
2022-03-12 08:52:27,1628,1.92,593215.62,255.9,411.0,6.81,244.8,6.67,50.04,17.2,5.5,1632,0.998
2022-03-12 08:52:37,1629,1.92,593215.62,260.0,411.0,6.72,244.4,6.68,50.04,17.3,5.1,1633,0.998
2022-03-12 08:52:47,1628,1.92,593215.62,260.6,411.6,6.69,245.4,6.65,50.04,17.3,5.2,1632,0.998
2022-03-12 08:52:57,1633,1.98,593215.69,255.4,410.6,6.85,244.8,6.69,50.03,17.2,5.3,1637,0.998
